1.7539089046164233	1.7865163951339378	1.793352521073254	1.7950082658668154
1.7944357424407815	1.8378059086233203	1.8508091318024398	1.8537528471702496
1.8760147684373099	1.9021491673860949	1.9136496198595305	1.920344471454861
2.0064759537694385	2.0632006278364123	2.085438101495896	2.095369679830375
1.829721350395711	1.8848934547317808	1.8952460509581783	1.9009050698984453
1.7069979727625293	1.7516279039452518	1.7609079653292163	1.7626019480726034
1.7454222077485955	1.798809662016909	1.8202633212223582	1.8261655612780152
1.8824525222081367	1.945549914631776	1.9546880674846348	1.9558183783661915
1.786221834127419	1.8076514721603167	1.8095627992909136	1.8102765982646944
1.747882072115583	1.779518137430953	1.7807827565938859	1.7809600963656613
1.9483571839968128	2.012252649769026	2.0345373021472977	2.045534152176626
1.8303123317003993	1.8670132769660785	1.8775487907470798	1.8838793450232205
1.6274591323984473	1.6777690134835666	1.6981711646638353	1.707632530020896
1.877033575209956	1.9023469149644692	1.9040360466051236	1.904331930703481
1.9859185645222648	2.0364121736476672	2.0457028067184835	2.0476499860249464
1.552753468366097	1.5801194331648836	1.5860567335554965	1.5880702329532124
1.7768767808455965	1.829462989752881	1.837452213855582	1.8397083131243221
1.7689762179673605	1.8011761192664928	1.8068194865614358	1.808442139432503
1.9054727833721214	1.9404825661696252	1.9522195146792245	1.960988732661992
1.6765748121407862	1.7115465421549678	1.7154836926461312	1.7157253102331043
1.627621893793428	1.6586957950510057	1.6735317709766517	1.6826347331629012
1.6872379799668369	1.7150552470958917	1.716855278034406	1.7172219049248238
1.6130106469195578	1.6361175287784233	1.6432053101587794	1.6466010608385393
1.6806090103961449	1.7237284285667533	1.737289836988505	1.745316677092268
1.6233424427510865	1.6484769446968166	1.6500263449612418	1.6501864415626546
1.695737439919194	1.7305339978577456	1.7469304487821198	1.7560978064687873
1.6465997624906907	1.6916807477035782	1.7023283860233143	1.7034770113496331
1.6812642111049463	1.7405069827133584	1.764436237734066	1.7812792606826149
1.8387732272736799	1.8672168979638184	1.86877274274039	1.8695136366009133
1.8366799012573616	1.8782251716802663	1.8987003469105692	1.9097687999330057
1.7956275003269186	1.8372924609077943	1.8434655029588103	1.8494455366486746
1.9093856569293537	1.9683222137478746	2.0098989103258122	2.033562563162118
1.8736998152492386	1.8959159421762324	1.8976610414709625	1.8977530198857573
1.7587916820517093	1.7898229202374287	1.7973153241886135	1.7986483039686416
1.7372874678480232	1.7603240521904011	1.763933733006308	1.7641510693290268
1.7966224472019565	1.832929604375799	1.8355393547973455	1.8357795846766376
1.897453500785899	1.933256375883317	1.9366929036465128	1.9379867924116947
1.590342940632933	1.6494865986257654	1.661550324257384	1.6693313051921514
1.7234553950540585	1.762407555445817	1.7681842514041852	1.768600961078626
1.7298610614855636	1.7671738928591916	1.77483518164588	1.776548926669698
1.8831721725205692	1.9372417581835868	1.9480449754234994	1.9493906289641285
1.6018742819973761	1.6369992570047371	1.6403277481308436	1.6407378065419482
1.8323046807196335	1.870831258407739	1.8768541401362449	1.878845630803613
1.8749303732631117	1.9079426090940323	1.912858963730092	1.9145691265504918
1.674034788963279	1.7124168339656354	1.7226509381214348	1.7291024234950958
1.885910613238813	1.915905072660529	1.9211041836005562	1.9237148908539092
1.7056790488504938	1.7383890086931162	1.7463516168345088	1.750246678907364
1.9861654440852199	2.0374033377688026	2.042967907315434	2.0437268447306485
1.7897206615885355	1.8209164896529326	1.8273710409996833	1.8294211490236754
2.035677939767028	2.072389613251497	2.0752874172418947	2.0764208725019366
1.7341080964720312	1.7609236858416317	1.7634287368019292	1.7640815664992078
1.947043374942038	1.9988791368669605	2.007860094881471	2.0094993824259166
1.731953387877044	1.7744566542669546	1.7838463170924455	1.7859782682514243
1.896241647056477	1.9440879052326288	1.951727080634197	1.953820495092793
1.6930631808005097	1.748327184704084	1.7621927436257414	1.766046118565337
1.7127417515850722	1.7349391541884143	1.7367032057013727	1.7370847335836033
1.7202055227961284	1.739436760785941	1.739661564292799	1.739928784350023
1.8603828476402726	1.9057831434383512	1.9355580217614834	1.9547742096562586
1.804362765435477	1.8450358391856396	1.858934117047505	1.864168463446732
1.6622394335167299	1.688661449741183	1.6956657779955775	1.6974421243100264
1.562620696393715	1.5912360353887298	1.5939252877269396	1.594400222148822
1.903813289738101	1.9724035088185674	1.9860984757933968	1.9881650671663333
1.8477182511179855	1.8803023896144904	1.8871771657109637	1.8891432697949464
1.8166102669134185	1.8381092944838837	1.8408987616015013	1.8433082715180797
1.7809880555788995	1.8386670751483873	1.8530460533495834	1.8564796769439265
1.8105627043183947	1.8507636676184986	1.8586559386154564	1.8626188146743576
1.729571250101953	1.777918828331958	1.7946196591658887	1.801140734374057
1.7587706713563833	1.790585978566338	1.8045574207742192	1.8131366548035825
1.42366655945697	1.4458434098186967	1.44989551744157	1.45041147078015
1.6504060458261898	1.6897942808125497	1.6942047204250956	1.6944375236063436
1.8275756224509232	1.9069429180337345	1.9311076034209826	1.9372127563157775
1.7594174365639492	1.8505787285257635	1.9032696470893489	1.930048168251588
1.7262129557250685	1.7857844799155111	1.7966578603819332	1.7997808982948265
1.7369290445990102	1.7654508219906535	1.772313322465609	1.7740094722577686
1.7736597868779673	1.8042976224266936	1.8073940538000075	1.8111319142065607
1.8334642070727796	1.879284206041508	1.885902058090934	1.8864798818728603
1.5458104711387917	1.5708210979498545	1.5736163358040385	1.5741467424971811
1.780660533818524	1.8211864071984452	1.828044847721567	1.8285171128978595
1.7515795331270096	1.7837515048673471	1.801610636568323	1.811682912242714
1.7968597422568	1.874233102623134	1.8895291998400936	1.8912880327544999
1.7683628472872241	1.801293736651687	1.8101142235067134	1.8149536618711346
1.990082625527407	2.0418050139971506	2.0481127250612023	2.050958086377469
1.7834842765047534	1.8263444156812543	1.8298676940852545	1.830076768608934
1.8533228640416302	1.8947988005711447	1.9017746334714376	1.902606699334391
1.7375732948996208	1.773105391520488	1.7761413664953745	1.7768619792054117
2.0065073280872605	2.091332051485431	2.1191207853569756	2.1278402085466803
1.9014244292228182	1.9714868777496815	1.9877086532278259	1.990894398127353
1.8052198588352137	1.8433201129930685	1.8478969151025908	1.8519579460489044
1.705486475549551	1.7464929913749194	1.7560094762930307	1.7587158482087466
1.8132163543310418	1.8611725397522907	1.8721782597822703	1.8769937280652298
1.6310335179735302	1.6487388240511662	1.649897284150253	1.6502486543211186
1.8221176952686036	1.8584492456238746	1.860816744077203	1.8607658206738844
1.6181018127368338	1.6462839494153703	1.6509182745887654	1.6552515536620414
2.039351602178542	2.1058189892008543	2.117698022408934	2.1209448142688205
1.9198969740615306	1.9646864919314981	1.969728497683221	1.9699785986162248
1.8483732899849985	1.8815069897250565	1.8877861955063118	1.8912992943897138
1.6991366110158486	1.7219623659012482	1.7252754817353482	1.7259751918939943
1.7257469902511704	1.7454272012173309	1.7463572011981272	1.7464260917048988
1.6842485710846626	1.709056198009472	1.7139870955721865	1.7161322949363162
1.8281205120248987	1.8508275503070042	1.857252919432714	1.8586636573837974
