1.791436790825459	1.8237619820793372	1.8305743414843654	1.8322601665504494
1.828708521262682	1.871924200044239	1.885122037121825	1.8881737294522625
1.9093193726333568	1.9350715902961155	1.94631159315499	1.952931885860189
2.0405032151126234	2.0974241592559357	2.119947236237713	2.130068415076412
1.8602826105041457	1.91504522799024	1.925072304049721	1.930528330516174
1.7346671850767117	1.778656742085031	1.7876934003983953	1.7893125813041664
1.7809365778819204	1.833597772566979	1.8551021939126313	1.861214451656926
1.9119827341972706	1.9750964224751812	1.9845066027405263	1.9857486770338983
1.8247362203478497	1.8464317810951918	1.84833155582351	1.8490349310006924
1.7873924355177204	1.819076949317126	1.8203607180998345	1.820529112522263
1.98198557493801	2.0461930641816233	2.0685847634952648	2.0797349215776126
1.8609024670152647	1.8977688807100264	1.9081965141836936	1.9144245634193406
1.6579945566191951	1.7082401826174534	1.7286983936895919	1.738344186981696
1.9092461936878242	1.9343552426757675	1.9359974003133218	1.9362740150355155
2.01624930875948	2.066414499139813	2.075461153879791	2.0772921320550424
1.5870676864196536	1.6147884843572256	1.6208702337455552	1.6229765214106846
1.8100442832246815	1.8620349624901065	1.8699221933258872	1.8721648564728175
1.8008230998705115	1.8328545225579254	1.8385445372879472	1.8401739543586786
1.9412743040106963	1.9764116226989061	1.9877487768301303	1.9962677434849398
1.708935024712834	1.7438272910200456	1.74771258491815	1.7479465397899203
1.6626667407358804	1.6937481170490019	1.7083859819635951	1.7173776457141674
1.7187030889488144	1.7463852795853079	1.7481415213225169	1.74848664710011
1.6497196328522046	1.6724322018282398	1.6795260878913845	1.6830825695320197
1.7079075645296484	1.7509505182392053	1.7641835155366448	1.7719689124013798
1.6560048233080418	1.6809307369230415	1.682508529391847	1.6826842947060225
1.7244448007317672	1.7596223712631693	1.7762230108202857	1.785641474610454
1.6858033426395633	1.7297719342787543	1.7401305831197067	1.741273740300364
1.7187989397278924	1.7786631432492341	1.8028649973327289	1.8200134283274645
1.8705009725659816	1.8984210795569303	1.899881410287646	1.90066270098023
1.8736431333762953	1.9148238436687903	1.9345024618031195	1.9450253553452501
1.8302101686792047	1.8722886489198938	1.8786583785240303	1.8848340178081988
1.9389725927280144	1.9975804344163637	2.0390165291989635	2.0628118625298932
1.909930805181527	1.9318950238792332	1.9336335685379002	1.9337218535363696
1.796110716303798	1.826859526637824	1.8342674583334957	1.835530148118895
1.7684980598235651	1.7916845946666629	1.7953471789839692	1.7955636827983084
1.8250074060093175	1.8612588627672166	1.8638712443394527	1.864106044305753
1.9304340669814655	1.966193961867384	1.969633198625361	1.9709046780782113
1.616570160234514	1.6763132879265776	1.6883630887685033	1.6961137251516094
1.7502249801407879	1.7892985504178536	1.7951175454508013	1.795533206419354
1.763819683183936	1.8008278758556613	1.8085159848445422	1.810281078796625
1.9190291331001776	1.9734167064176475	1.9844506475715407	1.985931638879902
1.6365113335640669	1.6714984008939475	1.6746256990117907	1.6749585085775187
1.8636297944520634	1.902046419226812	1.908165619996159	1.9102293553400507
1.9055436106669494	1.9385616283935703	1.943443393616647	1.945179752285073
1.7078808477866714	1.746091785505707	1.7561817617428201	1.7625905419985064
1.9168381824132907	1.947057772006792	1.952328109678425	1.9549405112314553
1.7386600952443334	1.7719368333431933	1.7798136769442559	1.7836032370970691
2.019090747149953	2.070488526846331	2.076206181250654	2.0770401141408734
1.818052245140807	1.8488785082065213	1.8552177074881766	1.8572486129113888
2.065373292493065	2.1028148393979786	2.1058243682112914	2.1068476004263523
1.7703433517044633	1.7970027590114865	1.7994561786258834	1.8000727033031205
1.973291529496582	2.025182699123554	2.0342567988959606	2.035943077195555
1.766319591494688	1.808826261690755	1.8180231127316615	1.8201042528242644
1.9259885763117208	1.9734261288393538	1.98096046207316	1.9830222749861102
1.7233843130776196	1.7785776821263206	1.7923794787970586	1.7961723947629296
1.7479897568528853	1.7699001231892184	1.771640389915246	1.7720447227677876
1.751895706793758	1.7709970144815352	1.7712057300329755	1.7714669512201082
1.895422250785384	1.941026117138199	1.971127834491131	1.9906690502549538
1.8385598810919161	1.879598459629204	1.893725767562284	1.8990688969777099
1.6978557942342956	1.7248515742388497	1.7321246062038003	1.7340024149206026
1.593499915881763	1.6218318435017387	1.624451731879441	1.6248824634330725
1.9318146352648593	1.9995471317680513	2.013037323456287	2.015050754228512
1.8761972434992844	1.9092081889625763	1.916271546853464	1.9182888368959155
1.8500783368905538	1.8714638704253093	1.8741370428033144	1.8764603263377384
1.8113361250006883	1.868711754875993	1.8830734212324112	1.8866072845538662
1.8460682373575183	1.8865171542074681	1.8942282874803085	1.8981199095908676
1.7561203650965944	1.8041307241271045	1.8205082527367376	1.8269309138129362
1.7880748092418979	1.820145456658901	1.834268758638615	1.8429963691383948
1.4582467809178086	1.4808578681851625	1.485007715349343	1.4855475979104285
1.6851720165170223	1.7249625742665629	1.7294085590596977	1.7296394624293634
1.861494670008936	1.9399319287525145	1.963607446974646	1.9694937222554008
1.794718252432666	1.8851396827657874	1.9372493845471845	1.9638819997365426
1.758930346021854	1.8189890230353096	1.8302811554939844	1.8335947060456657
1.7679457791896556	1.7962684676868792	1.8030745062138394	1.8048003760666291
1.8050186637144745	1.8363232619217202	1.8395000605326162	1.8431903532515435
1.868716460402349	1.914837057821008	1.9215020418797477	1.922076264349037
1.5881163197760353	1.613343646903995	1.6161985637877767	1.6167459793395593
1.8176738439044786	1.8579140099592273	1.8647137708630948	1.865161114431375
1.789282636548665	1.821080050045226	1.8383623623860963	1.848106037440567
1.8333592658037028	1.9105220440385442	1.9258947581221053	1.9276889674306377
1.8023794499138548	1.8356743577950136	1.8447004334723784	1.8496367310866202
2.019697384692336	2.0714699120111892	2.0776664049327707	2.0804569041641843
1.819638475341949	1.862406877116612	1.865770529664719	1.8659154015062898
1.8879924762020142	1.9290481774223232	1.9360059022003673	1.9368305687589167
1.764712559220991	1.8000627525714719	1.803097606605906	1.8038283107584947
2.0331642075837015	2.117612605034837	2.1457446467751353	2.1547755675764226
1.935444001442692	2.00534047683466	2.0219056490000296	2.0252439359256247
1.8466675524095688	1.884878880434638	1.8892750190746224	1.8931992281906114
1.735613204787777	1.7765191763857997	1.7859983435746256	1.7887175583404378
1.8418194463135407	1.8896486159177146	1.900315844812512	1.904779618555952
1.6597108492689552	1.6772146564776973	1.6783774342780875	1.6787766148706857
1.8559780833986694	1.8929631327201715	1.8954787910778548	1.8954318826934613
1.6454682747773715	1.674019951665437	1.6786948261612538	1.6830133772587794
2.0676163963791963	2.1344042995918806	2.1465233154816863	2.149875651454397
1.9560191602720243	2.001603686718226	2.0067392062793497	2.006985732477758
1.880052544366423	1.9132329388164127	1.9193561265344907	1.922767303012506
1.7410830374581523	1.7640377704775085	1.767334655025971	1.7680158047488028
1.7583319127392198	1.7779086314354313	1.7788426728918592	1.7788929130598115
1.7183576515327745	1.7427370069749326	1.7474983894549667	1.7495748674532818
1.8588103116755743	1.8814403985226118	1.8879006819645698	1.889318878317159
