1.8999204886804066	1.9425855772894443	1.9471238319175583	1.947262787828214	1.9472953321294644
1.7827148771116594	1.8278755901349701	1.837591851060777	1.8398855453350174	1.8411071034606117
1.7843143441274631	1.8350864951977712	1.8479920215053285	1.8502512780537206	1.8503778564101887
1.7029306092742014	1.738568632629768	1.744693492426676	1.745395058831067	1.7454277321526293
1.767056855685362	1.8106352583357292	1.8161359231792105	1.8172545015906298	1.8173623307828308
1.6880848619044542	1.7542585150497212	1.7731803730398725	1.7823460656878656	1.7863672052541213
1.7627743477652902	1.7916192009101208	1.7946364052711246	1.7949513959718133	1.7951442135010724
1.7435302838398323	1.768604281612535	1.7712772131654324	1.7724336846804531	1.7729652219939906
1.7811214978293135	1.8292568275311576	1.836916135895185	1.838183086229931	1.8386163331636032
1.750664291908405	1.7924650205066266	1.8013247647537753	1.8037123306295855	1.8042256653721984
1.7735738756798816	1.811907951240559	1.8170300334168792	1.8191874715817888	1.8198626639158522
1.7026938086448726	1.7402882414355305	1.7506982988049422	1.7554508166504523	1.758875138309426
1.8209099291594408	1.8676129220083704	1.8862557787423282	1.901388233282448	1.9110305944201036
1.7317644582797167	1.7772706525912838	1.7833781354170248	1.7841306009672318	1.7842295681608578
1.83234487050213	1.867560814073749	1.8729419738637063	1.8739452754860444	1.874153932589258
1.7141786953872067	1.7495944369638123	1.7579103866894694	1.7625169987119964	1.7664081241954872
1.6960862068543903	1.725905852078866	1.7299798102280652	1.7312846474052566	1.7317199958160294
1.6781300522359774	1.7019410238060033	1.7035286593696821	1.7043537879635255	1.705493014029447
1.7865024091124782	1.8170038893602825	1.8209961162726827	1.8233272327135963	1.8250452838907976
1.7347348317011841	1.7799602774161067	1.79630933393127	1.8111053592995678	1.8207515595648534
1.8137965158800016	1.8545047864254462	1.8626462678414635	1.8652883446036628	1.8656806686954357
1.791003715261189	1.8471776986516362	1.8608165476182006	1.8636273568828086	1.8653322293992352
1.712621681207673	1.756819124653982	1.7655973439522128	1.7673306539630478	1.7676444644439822
1.7735926927115144	1.813568369756575	1.8185648505010892	1.8192416628327432	1.8194597738811937
1.7186443916086098	1.7518915661012524	1.757182361155332	1.7577552291186154	1.7579337704279878
1.7957975671582924	1.8247291812127353	1.8335185138059058	1.8405723006859285	1.846274021157606
1.7736011198205102	1.8164878411237542	1.830771166862777	1.8342153323736043	1.834860688796831
1.7361431512629537	1.7934512690057556	1.8040118856833922	1.80608287292922	1.8063458160705383
1.7193268884552466	1.7673075458838474	1.7778609049738467	1.780166818594163	1.7806350158530302
1.715818139803378	1.7609881434125585	1.7730478459603056	1.774981627074619	1.77541902063029
1.7853545640445578	1.8325871834425043	1.8594851569983122	1.879870438008477	1.891674534476869
1.7616686046923826	1.7979511426162802	1.8079693601969429	1.8121180593634791	1.813846754726308
1.8226066026445604	1.8674193099926155	1.8765019307012785	1.8788883129429164	1.8798961015405176
1.7387004511079245	1.767526525009507	1.771324841353382	1.7719759439806193	1.7720768007085914
1.6941852993352744	1.7373493197628125	1.7486636869429497	1.7507781902078032	1.750975670937518
1.7755043111004276	1.8094401438236705	1.8212862621159338	1.8270988114664324	1.8294873905317173
1.7846340664908347	1.8332315631359428	1.8449431794119864	1.8492663193761865	1.8504009152766705
1.7500500053175139	1.7846803528545925	1.7871641426907585	1.7875712801487218	1.7876519205504053
1.8061020569134973	1.8480308922031228	1.8548191743507838	1.8562155330849492	1.8567836703764253
1.6815099500257158	1.7134981246342535	1.717976435608611	1.720818093108441	1.723136603482324
1.7904662947948193	1.8259964907780406	1.8333204611792813	1.834933734681892	1.8355384597955418
1.7884774279259368	1.8251345596746718	1.832294374757218	1.835003599935841	1.836719188586026
1.7160694335837992	1.763974222001688	1.7724999190043071	1.7736014019020219	1.7740504275425633
1.730112975137655	1.7785596518825892	1.7971201052753571	1.8034002481375042	1.8044067034948033
1.7646015181427523	1.8002903176232665	1.8039212603319763	1.8043444395445791	1.804642040917577
1.6785749494558084	1.7321206405341012	1.7444481031811214	1.746944620328726	1.7473073307298408
1.7190044706181566	1.7619456743861635	1.7670431517021	1.7683498114387108	1.7691384669069736
1.7406446959016537	1.78153010292537	1.787661817610314	1.7888032621610304	1.7889007589189663
1.7312494319291785	1.7721109200581007	1.7787416767434228	1.7802963276429098	1.7805974973732985
1.7367525358267635	1.7782185067479426	1.7884340754956534	1.792112950167181	1.7933314971279068
1.7703247959966928	1.80131740424509	1.8063868431247185	1.8089635373934354	1.810168474291569
1.7161452488633309	1.7613739203064656	1.7676443408158573	1.7680524898666787	1.7680855516801741
1.7133447199052676	1.7478690656847797	1.755667101122649	1.757915089583737	1.7582084444399761
1.7777814480701568	1.8379850487530411	1.8572212699440003	1.867127716505399	1.8720814176930682
1.7140103567695197	1.742461804572773	1.7465849265382434	1.7473921022026164	1.7475227819041423
1.7121583221988308	1.759235256032492	1.7690896372277138	1.7770663853758206	1.783639106567098
1.6709952040543405	1.7196537824165	1.7286313492236285	1.7297029090398863	1.7297414881555466
1.7714697073909722	1.8140278191723889	1.8246921540089793	1.8271630668158099	1.827499744225709
1.829524117472305	1.8774403828510926	1.8840125126523442	1.8866940927862654	1.8878147088344506
1.8037366044470793	1.8551117817344767	1.8631030018224737	1.8656534774531002	1.8672826908204674
1.8289081862938525	1.8625047283215874	1.8700164741285725	1.8730757057190814	1.8767443261440062
1.7181952864209316	1.745958091482131	1.7552215071711417	1.7628247099607706	1.7681302450137715
1.7513689036929503	1.7907423056427856	1.7969771961172185	1.7983090237792045	1.7985403747696551
1.7550716081315345	1.8092762188349896	1.8283968794328613	1.8342379094065921	1.8354154946342052
1.7649773791972883	1.8146180236642948	1.8209500335359012	1.821626380622338	1.8223898368405633
1.7343717059702268	1.7745582321409845	1.7801272859852877	1.7807729659708087	1.7808296664286283
1.7702934194527638	1.80204145966567	1.8071469865021295	1.8079475149865514	1.8081276765955185
1.7120668104845487	1.7632682260571801	1.7763255688073953	1.7827617854307851	1.7855554509237068
1.7392070274306666	1.7806967089689172	1.7981533325674774	1.8058524169832422	1.8067540931067299
1.7653776983392326	1.8125338855616655	1.8210059674396657	1.8239076879353624	1.8247208503233632
1.7435847790153989	1.773658700336483	1.7779796726301766	1.779624501593552	1.7809150319123628
1.6775415688623265	1.7194940490507742	1.726457438858198	1.7273431487519941	1.7278364427807194
1.736410422517166	1.7730124914441134	1.7762424917794328	1.7768934448704832	1.777310198789259
1.7627817261091994	1.8028721514966162	1.8138901342472258	1.8194276982307378	1.821690103387163
1.7750791509374855	1.8119206516224569	1.8191264027546283	1.8230278621930722	1.8249332242260448
1.7031216628059584	1.7494585028286418	1.7603315904381343	1.7631964396016298	1.7647352420640126
1.772742034024834	1.8203667355289799	1.8314828485037553	1.8341406075939621	1.83488760998747
1.7663191207389535	1.8154801754415302	1.8263736833799236	1.8381385728448016	1.8477780922657459
1.7912208159309315	1.8312768489617923	1.8376168685012104	1.8401014207420758	1.8414651869538086
1.7553149370043644	1.8074581408646104	1.8233321890441028	1.8299461273920001	1.8319709940128723
1.770543451074139	1.8065690526122808	1.812797475480568	1.8147939590140605	1.8153108236331559
1.7725614010112738	1.809186776641848	1.8168264184426113	1.81816950157852	1.8185431017901743
1.7806130099742843	1.8298251933814353	1.8483678684733602	1.855269431566675	1.8573800439563024
1.7500336452156364	1.79847907829586	1.811801528928306	1.8157154758443759	1.8177756554497482
1.7406802481271595	1.7874204550520685	1.8011205635402758	1.806879573020899	1.8123435123386005
1.7193342627614516	1.762552932551065	1.7774600464456771	1.7841752272626905	1.7876754835739939
1.7342070998082677	1.7701826016673317	1.7757631041010906	1.7773337143113066	1.7779377797484268
1.7301439281159776	1.7795284424062998	1.790060855525246	1.7920818948662338	1.7923302232682004
1.762999080614568	1.798661441716617	1.8080239251157348	1.811822752627451	1.8124412754482329
1.782905799154113	1.8211334761322284	1.836678149658327	1.8478000637145722	1.8562533990072496
1.7491001010017653	1.7866964868083932	1.8018824585665525	1.8120021481574073	1.8160452787196242
1.7813237644495337	1.8203405355332571	1.8244477713471852	1.8290335956466113	1.8341010781431866
1.735528346509899	1.7685116707148485	1.7772770061330732	1.7825258523724568	1.7863900413860108
1.729059395413134	1.7684164300406606	1.7769091665419632	1.7794658797384229	1.7797625799323107
1.7568689212595991	1.7996783574081388	1.8110683870930195	1.8141262039238992	1.8156991206565056
1.7586659344339963	1.7982730830485336	1.8035168121422882	1.8047840942377562	1.8049840444493417
1.7605055828925555	1.8065306114978734	1.8116596196733343	1.812044465088166	1.8121030724424945
1.7582565644496164	1.801584113368756	1.806975091167385	1.8088486725515713	1.809362306541597
1.7800072015083184	1.837472970927741	1.852494488000724	1.8562949222386862	1.8570580226249664
1.6397105549473594	1.6827089328272975	1.6937377618787455	1.695931719419722	1.6962494142567113
1.637706242675647	1.6954951963076625	1.7146362965715702	1.71946194311557	1.72087065166253
1.8009621386205237	1.8471798458504274	1.8636088140959728	1.8758329964651903	1.8849883402332037
1.8213663930770128	1.8607414598990195	1.871065535929686	1.8753004481617859	1.877859698141625
1.768697714395917	1.8076958370281353	1.8113146386509615	1.8115018774240665	1.8115048930264748
1.7704153453228246	1.8060338158110452	1.813496749617986	1.8164777604321918	1.8169447980444648
1.760991393233654	1.808558434061064	1.8124873026063286	1.8132032629781694	1.8137984969776006
1.7785881411075406	1.8213123929148796	1.8295693430116615	1.8305505817147403	1.8306214155865772
1.7465235884799146	1.7955245212455322	1.809192529722943	1.8131045043152434	1.8138123638390142
1.7084293739723364	1.7380462310659668	1.7456348327839994	1.7510457441752796	1.7538154479042856
1.7197529061137242	1.7593113179404911	1.7646689060103335	1.7655162290438275	1.7664179576574897
1.72980671915329	1.7751323407730466	1.7849948036913474	1.7889666300449005	1.7897469841684934
1.8260295805733187	1.864875427818169	1.875953547008754	1.8816507572807641	1.8845988528870254
1.8468548708178534	1.8947320027325765	1.902223299365661	1.9043702730873397	1.9045824544239358
1.7932227013628	1.8278349239632503	1.8327887590627936	1.8336996812387112	1.8342103644815244
1.7904016307513482	1.8268305850186712	1.831287489989928	1.8326476082469576	1.8340576049578268
1.8062504582398042	1.8611362144117212	1.8685707923074335	1.8696397317102906	1.8706511282305787
1.790494739967963	1.8262135089271518	1.8308343848948365	1.8314337882304288	1.8315504158775657
1.7298324181012437	1.7668897900554634	1.777108781569692	1.7818849888804138	1.7842531115499982
1.7800437088063423	1.8145108855903407	1.8257563491540363	1.8320251199053974	1.8358786331453352
1.741007904397896	1.7738693152946072	1.7783052632123835	1.7794400567856512	1.7798203679108175
1.7179670585068247	1.7587048456324625	1.7668267529754633	1.7681307975514358	1.7690020247117877
1.7956360904823867	1.8228998919561386	1.8251914109913232	1.826083566004893	1.826931856609274
1.7805075338306502	1.8190632828745126	1.825772624746763	1.8295574972452138	1.8318902062433138
1.8236717027173242	1.857397822755484	1.8645202417724465	1.8697043944264609	1.8732025582684502
1.6367628413505213	1.6691519863418496	1.6729300829821103	1.6733573935716775	1.673709294811298
1.7443438266668938	1.7951974097486447	1.8010987633510802	1.8017121757952335	1.8017832688592228
1.7581228943962186	1.795642217601148	1.8003715826208597	1.8013840488765815	1.8016659787539724
1.7786778061020867	1.8275391803120065	1.8394097395661522	1.8419502458843648	1.8430362909564717
1.7597945136594646	1.797672645189576	1.8047768320530992	1.8058650410880193	1.8059350331722277
1.7348643419470091	1.7744386917551132	1.780517526308081	1.7813352166036742	1.782703188995058
1.717580659700212	1.7539089131585495	1.7629761190471809	1.7667168187959297	1.767861935479035
1.6541578945371664	1.6931918495149347	1.6985447233322286	1.7000564507988853	1.700472907972431
1.750729637365147	1.8058889002124914	1.8223235470158095	1.8262225378190973	1.826427505062529
1.7347010034473964	1.7677104315813037	1.7719636805287964	1.7732333440526142	1.7739678264373537
1.714670511997701	1.7496393812558158	1.7532516518379124	1.753660062084567	1.7537195150997076
1.7621276195089757	1.809264370602094	1.816734178173278	1.8193111139683933	1.8213446708723757
1.8198093897667094	1.8613199457961551	1.8705347869353843	1.875476660378848	1.877934150051425
1.8255849885763886	1.8674935706562297	1.874148649922522	1.875537502651983	1.875667663822258
1.7312260630607235	1.757624446900202	1.7614465531270465	1.7642220719775807	1.7672080953028466
1.7902705859666022	1.8185820078677322	1.8214669769838105	1.8227742205746735	1.823618753178536
1.7474088856303225	1.77821680820371	1.7841930093111855	1.7887182053272124	1.7919494512291905
1.7703504165430763	1.8151162384756625	1.8267025095173477	1.8300487785927557	1.8309891863126397
1.6502751362828056	1.6861018035741582	1.694381481651729	1.695944500980555	1.6964137411144498
1.746366947758516	1.7787910731263807	1.7832480465269105	1.784213060902438	1.7854253662488282
1.758592340892702	1.8007218134161718	1.8100002308072183	1.814746467094248	1.8172936980328813
1.686613670617373	1.7389913155661771	1.755304671620477	1.7643079212658634	1.7725352484371069
1.7025119099797597	1.7374929049473764	1.7439390699568076	1.7446170642230046	1.7448063477594333
1.7176621365996088	1.7497634933075643	1.7612234233456612	1.7673499679476719	1.7690889633971307
1.869536610691591	1.9101384284389007	1.9193958811724494	1.9221204184087461	1.9237450297099845
1.7753268506351212	1.8152299581363553	1.8210019111260236	1.8231075938946613	1.8241943168814196
1.7949669107487312	1.8342432515341505	1.8408625308786963	1.8424197930533186	1.843126452860468
1.7561968804931622	1.787154176795067	1.7923331110352378	1.7939579609891207	1.7946992601864928
1.7276476557791924	1.7605509011721039	1.7643376867083669	1.7651874081319716	1.7653980460631924
1.7720640885955476	1.807732869721518	1.8118512658698491	1.8143617002353352	1.81723940322173
1.755082318932777	1.796714386941262	1.812689148248355	1.8219904250959638	1.8257189407131524
1.7457594390798725	1.7806655351134029	1.7879710404574984	1.790442264126271	1.7919414962193356
1.8142283497802376	1.854995819227881	1.8667916815927328	1.8696891037848182	1.8701453424603522
1.8023261244025728	1.8484139682374305	1.859528500594276	1.8621759545999625	1.8627570308919834
1.716197841561032	1.7555407884287693	1.7620353734144723	1.7631915767700999	1.7634534156163748
1.7409735337040853	1.7880282909958316	1.8034739591509443	1.812836324313417	1.8170029924745892
1.769788763535595	1.8327947521473882	1.8602425061227377	1.8794250086915998	1.8910091104402422
1.8304016868692177	1.8770774108058252	1.8921724447062993	1.8973587937301144	1.898682894324641
1.740444492754157	1.789163941547751	1.8029932899164849	1.8061645407153448	1.8065456632731403
1.7713481775901565	1.8275221454930037	1.8411103223849348	1.8429183807530156	1.8432074463132908
1.8443454814235636	1.8932007384045502	1.899762052921616	1.9023867640178607	1.9045473228782566
1.8062676012466337	1.8542612886102738	1.8611782727488815	1.8616628273017597	1.8617090858787533
1.786821311445198	1.8401405144206096	1.8542875546802318	1.862237753871773	1.8671432892945892
1.7119121704512212	1.752898042287052	1.75848541100703	1.7590811755614768	1.759193816545855
1.6266870216250724	1.6663783230553688	1.6736762490218817	1.6757563933838433	1.676082876791262
1.819708778537988	1.874947583709629	1.882584492789222	1.8838962472184768	1.8843871888528079
1.7529814815615479	1.8055695306600195	1.8193537409149108	1.8228363377178793	1.8245365822928468
1.788142891548625	1.8244528677674745	1.8273566452799745	1.8278552920606572	1.8282998905050638
1.7744035806904914	1.8274934108829612	1.8375253359409718	1.8388685543318046	1.8393087808372615
1.770601832019558	1.8177583658331677	1.8263511558538252	1.8297327590875028	1.8317765212023396
1.8032293448529406	1.8446286473163567	1.852756236165495	1.8537968719803177	1.8538499809612927
1.8746342772140614	1.911125735059728	1.9195749549504382	1.9221549228089299	1.9231183868048671
1.7212841418866056	1.7591754762733547	1.767345098366357	1.7710477977341275	1.7734422213555596
1.7294026199654229	1.770524065727306	1.7770607197636439	1.7778947051119351	1.778640512868548
1.68051157409437	1.7223383367910836	1.7321654092466894	1.737237937149911	1.7402903084352983
1.7972140022601526	1.8378850134860538	1.8431512375482342	1.844935475548404	1.8460894784746364
1.7648680655990687	1.8063094162495423	1.8133911150542408	1.8168591221999102	1.819692532263631
1.7546258041866598	1.800213988796521	1.81221460854049	1.816599808592119	1.8173882363948413
1.7059916643582798	1.7555810993511525	1.775050566033384	1.7844381198018526	1.7867332389745068
1.7402418571408642	1.7889226219560923	1.800142932361447	1.802608802479547	1.8028284181122969
1.7657480972780897	1.8210667772882834	1.836491024650624	1.8396388479552779	1.8404158499284284
1.7492915876777655	1.793858208429617	1.8058174440349912	1.8128884408643031	1.8159156578741285
1.6735473567429908	1.7406296231119347	1.7530116703519145	1.7554247130303517	1.755658687255721
1.7538362285326397	1.7899990557519294	1.794500726998114	1.7955987734444538	1.796591683713471
1.7517396417449427	1.7960457991929044	1.803684164355683	1.8050308970419076	1.8054283926567023
1.7346121919339115	1.7781434002313816	1.7892750504240458	1.7980509287457564	1.8027269696984929
1.7432890593508346	1.7817705471753142	1.7862925334160156	1.7881835814579883	1.7898670604450184
1.7329685719245642	1.77392004782551	1.785367298363251	1.7885702987392684	1.789507790654636
1.7029331815708308	1.7385632689816395	1.7436982195378223	1.7443131021369052	1.744533875934438
1.757910771550735	1.7902560035279556	1.7940130702782577	1.795128524372396	1.796820776029327
1.7678400735223578	1.8187227503878116	1.8299471229656727	1.8357107756640763	1.840074722448376
1.7977720259783836	1.8365614114311073	1.8408128905659136	1.841354060554888	1.8414035206117487
1.797578331277519	1.857087104480188	1.8777172505557316	1.8829813963481998	1.8838437288010008
1.7368011762203786	1.7744450544989439	1.7918180058518902	1.8029879668367959	1.8104441483049347
1.784634708871427	1.8222940548465574	1.8272485357003143	1.828694489645714	1.8290603475631788
1.7160182620976892	1.7684674961825335	1.777371305836473	1.779975946476858	1.7808575921626977
