1.9727753779354655	2.0140919323762803	2.0184119417091546	2.018546598657578	2.018584729827881
1.8689052296412794	1.9135419814958283	1.9230823309789902	1.9251972169629936	1.9263308354504245
1.865715195379643	1.9162552788121567	1.929301110419631	1.9316759679445106	1.9318261720950811
1.7902134257843856	1.8261397230335001	1.8323446917884088	1.833083969385082	1.8331074070408775
1.8498859976149526	1.8937482770833152	1.8993181241287054	1.9004296436065367	1.9005423909237615
1.7661273205606234	1.8320206717865442	1.851419555174567	1.8612478319809451	1.8656037742414344
1.8553813802845736	1.8846612164222747	1.8879181366445525	1.8883035114895033	1.8885389753919037
1.8322354851256142	1.8572826628249681	1.8599620878978136	1.8611163758539924	1.8616558087767714
1.8629706747937584	1.9110721856127015	1.9187158158677287	1.919996393551435	1.9204790997833212
1.8346642029766453	1.8767577975306249	1.8856194818616523	1.8879584574834705	1.8884433319547322
1.8524577540130358	1.8915433009670226	1.896797751489597	1.899154855401871	1.8999353533900851
1.7876897074841236	1.824702265827283	1.8348955370006055	1.8397687955511801	1.8434086438834454
1.8971530808965937	1.9426989325446338	1.9603474965130032	1.9747053875769398	1.984040727274261
1.8128495486896916	1.858364860915341	1.8645314378447215	1.8653447327501753	1.8654691070842175
1.910385679554828	1.945493587374899	1.9509790144768993	1.9520577205080367	1.952296385537393
1.797615922354847	1.833105984991066	1.841564366527195	1.8462742362766322	1.8502327953735334
1.7821123433236863	1.8119317877612708	1.8160027637910903	1.8173315064334223	1.8178126132784107
1.7684899352335839	1.793395078105198	1.7951782289235552	1.796064490197521	1.7972345326408092
1.8646644094234581	1.8955311004976518	1.89970526498479	1.9022920773750245	1.9042073890007924
1.821103024403092	1.866288979246985	1.8824730745926077	1.8972556721406277	1.907043497544262
1.8925882796428928	1.9326931142608563	1.9403466946553156	1.9427565465087784	1.9430998960590362
1.8698640135327156	1.925171355320068	1.9387296019467661	1.9415129675138614	1.9431278340432616
1.7906801673390214	1.8355141498684038	1.844727936898	1.8465722752742106	1.846919527637042
1.861322321450738	1.9012641563945745	1.9064115603985359	1.9071268345377954	1.907341391699047
1.8069197453668	1.8402434248303834	1.8456080427358408	1.8462096262105376	1.8463859439828347
1.8731420919864874	1.9020132472928786	1.9104520745163545	1.917078755000808	1.922547602509839
1.852881525693946	1.8951797751776633	1.9091012145071267	1.9125229683719067	1.9131923716726256
1.8127903131935041	1.8699810601540081	1.8804339799966407	1.8825281752135061	1.882807390467245
1.802884689750194	1.851261258680243	1.8623019130661003	1.864909336104865	1.8654916444118543
1.791631929947018	1.8363788423149332	1.848550262848511	1.8505564682638813	1.8509975963438137
1.8722651579310425	1.9182884260065656	1.943975858121118	1.9634402280318763	1.9747461892745082
1.8375296658381401	1.8734915453085972	1.8833439693823775	1.8873649010421099	1.8889874065759062
1.8977625368218272	1.9420421586866807	1.9507316131497283	1.9528969428926852	1.9538500655634248
1.8228640262057125	1.8521465026890793	1.8560077782983917	1.856694035996851	1.856759423504173
1.7800553544750448	1.8230929698982077	1.8345885216020106	1.8368047593212755	1.8370263398634696
1.85798561520185	1.8918767672543446	1.903856334053218	1.9099163115418825	1.912458339913756
1.8632233685131554	1.9118291343716982	1.9235862745081893	1.9279434231556456	1.929115036842244
1.8353405919746324	1.8699807028486004	1.8725093553526406	1.8729356933335994	1.8730240037499575
1.8887020947287536	1.9306786071637294	1.9373288000585807	1.9387240585520826	1.939316832809895
1.7623254583568269	1.7945194063002732	1.799048456492624	1.801892594953606	1.804259841502705
1.8673818361514996	1.903441281254344	1.9108301332951807	1.9125421071274007	1.913181569844715
1.8670204577240603	1.903579084508415	1.9105809822922284	1.9131344830674069	1.914748858128384
1.8099445439079414	1.857773068244504	1.8663660551202195	1.867422238535867	1.8678738088137452
1.812130851962895	1.8600236509543306	1.8784437603298445	1.8847038756737489	1.8856993011743022
1.8443126563918497	1.8799986954323038	1.8835201770307637	1.883876232647763	1.8841145747955461
1.7635997128454675	1.8173366837127582	1.8302825277749797	1.8330625924113022	1.8334949877381166
1.8016057822614793	1.8452082348789578	1.8505297640651512	1.8518671833440983	1.85260865472917
1.8167925308857744	1.8578267950028224	1.8640290368360954	1.8651888208467102	1.8652901216850057
1.809294291416951	1.8500907180343253	1.8567916925538133	1.8583060656911896	1.8585792500889187
1.816721422053071	1.8581527493994574	1.868300821718722	1.87200210273316	1.8732424427292116
1.8477601208563141	1.8788096104712053	1.8837786128444147	1.8862283403035154	1.8873341066857605
1.793767811631624	1.838785687647568	1.8449849783192738	1.845370169392183	1.845404668665772
1.7964875397387794	1.8306467469517158	1.8381900441404826	1.8403701117418774	1.8406547818297576
1.854875257367457	1.9134130504405484	1.932353771723018	1.9422601804317396	1.9473186581375341
1.7961486840151768	1.8251528176996012	1.8294501383496082	1.8303265778090787	1.8304729751324644
1.7904462146778375	1.838005037847434	1.8475810476362347	1.8549981408860547	1.8612045669406827
1.7543408134200744	1.8029158177897122	1.8121461069923688	1.8133512076185303	1.8133989421212082
1.8538427462006588	1.8959834551376689	1.9067881047404585	1.9094197685535375	1.9098066735590498
1.9123974677456697	1.959826116758758	1.9662387647077868	1.9689001881971675	1.9699867539826352
1.8818706310411732	1.9326826974367166	1.9406596366030473	1.9429587825410888	1.9444106483050423
1.9066876461204698	1.9394054310028481	1.9466550147903818	1.9496326265553636	1.9531975039454486
1.8029489761431134	1.83126846540757	1.8406664154659933	1.848417393543958	1.8539445637831786
1.8369305171812094	1.8767001927538862	1.8830766664872003	1.884458731123649	1.8847131290691452
1.8381847429965206	1.8913763726506025	1.909992533478291	1.915715875075782	1.9168689488002666
1.8491493132718237	1.8978584796777385	1.9039360444467603	1.9046931413529264	1.9055786561358627
1.8170798935995334	1.856449393333156	1.8617898283053462	1.8624223341254191	1.8625022007453533
1.8558816398689302	1.8879682564217022	1.8932307051563908	1.8940808401894738	1.894279861607528
1.7907179569621074	1.8410576725679806	1.8541141789345834	1.8605823612605379	1.8634031635907757
1.8259467191197127	1.8681012001608504	1.8860036491314252	1.8942056053920386	1.8952526945481747
1.8469096967753702	1.8936917250169831	1.9022887014590004	1.9053084550868877	1.9062130639337205
1.825421778288252	1.8557777268287283	1.8600526210102681	1.86163159171452	1.8628946655216596
1.760540093468032	1.802083514593227	1.8090686208342828	1.8099649719953799	1.810435470209841
1.816973889078274	1.8529080959685038	1.856169804284947	1.856934949939129	1.8574922395001623
1.8407097297184192	1.8798762271255227	1.8902687626403996	1.895614368685041	1.8978850177446258
1.8584176476051688	1.8957356875401692	1.9029262744737212	1.9067863951818795	1.9086404080297457
1.785776665161243	1.8317118003871036	1.8426118655481765	1.8455852735749008	1.8471638480119055
1.8500952638600279	1.896845191762277	1.9079487483647601	1.9107037093415937	1.9114573246411093
1.8461365909445875	1.8943860800821362	1.9045468506815344	1.9154777076666987	1.924563701757882
1.8737272716144449	1.9138832802301515	1.9202346345210186	1.9226191588727284	1.923841689308463
1.833977313904337	1.8859547997744948	1.901655140905217	1.908316287669974	1.9103828457770353
1.8538320842330231	1.890192903199638	1.8963554984765019	1.8983025204149546	1.8988064588019244
1.849559080183605	1.8857797115873438	1.8933388755439413	1.8946798701410845	1.8950373450576676
1.8628964483702946	1.9115098827115373	1.9294652831972259	1.9361778439300865	1.9381823333164663
1.8348539144106986	1.8826761591301626	1.8960339348689086	1.8998174739893108	1.9016788198285606
1.8264625221647597	1.8735108228949144	1.8874839252723061	1.8932824904779613	1.8988049467387658
1.7984882102858368	1.8411612720243395	1.8557355057207336	1.8623142211968118	1.86578715872191
1.8140252228417493	1.850083001341766	1.8555706461541717	1.8571421310143874	1.8577899753382798
1.8102420963538932	1.8599115987776298	1.8707374752106736	1.8728819129527268	1.873183162019104
1.8409495950479366	1.8768457226300916	1.8863244916101416	1.8901966914889865	1.8908349247876752
1.8619859195904627	1.8999403654338847	1.915085695343785	1.9256893946344953	1.9337575583364668
1.8298218811240783	1.8667848051653684	1.881305588901877	1.8911529940405842	1.895191893471425
1.8595364826840013	1.899449068017907	1.9038033988514707	1.9085758233106325	1.9137895320400078
1.8202400895172994	1.8524425132245348	1.860650600074608	1.8653890835460272	1.8688836854533668
1.8083241355925472	1.8474132509645174	1.8558573203724764	1.8585529525275235	1.8589011700091602
1.8407302270329338	1.883162496977051	1.8939267668970627	1.8967062555847967	1.898069303976722
1.8400009684536864	1.8801507724902307	1.8854716026156206	1.8867931656908283	1.8870151214061088
1.837892958012638	1.8835289943655216	1.8887839462463563	1.889217127653598	1.8892697939598644
1.8354768176015823	1.8788730340719544	1.8842329020931146	1.8860478673961523	1.8865349471516741
1.8600400142717026	1.9177228302234668	1.9327224146996504	1.9365704814894258	1.9373678596996557
1.7243429216645103	1.7674160657114932	1.7787221977958396	1.7810543463506903	1.7814125842120796
1.7242397028228147	1.7822308726210185	1.801733344992621	1.8067552007292833	1.808205080898862
1.8855552437792302	1.9309212959384052	1.9467769042336598	1.958448786239723	1.9674076055832481
1.8974879308242645	1.9368416226895966	1.9472331706738704	1.9515587839245223	1.9542280531297431
1.850343516080954	1.8892454405758237	1.8928805901261172	1.8930864272749193	1.8930926140276083
1.8534850711278128	1.8891583081841317	1.896653966031637	1.8997451228940314	1.9002349338224491
1.8439889598819497	1.891876078574072	1.8960677008757842	1.8967740516806277	1.897363714282027
1.8521935707133197	1.8945616237564225	1.9030683931370451	1.9041532128856684	1.9042413752297445
1.8313254881997456	1.8797821866251738	1.8929463927153498	1.8966551451102758	1.89729453114478
1.7878500155628667	1.817472284005938	1.8248629289552198	1.8300134019850662	1.832616552291194
1.7996919596160408	1.8394642529025325	1.8450900735949216	1.8460005625328837	1.8469058810176868
1.8149854045541833	1.8601560865474087	1.8700721588915326	1.8741887284702734	1.8750346452014757
1.902953366740049	1.9412464373902656	1.9519034379719562	1.9572869908529584	1.9600815822128232
1.9290938979244867	1.976101426535402	1.983831901360653	1.986270381792095	1.986585812050831
1.8726409959008214	1.9071487755030807	1.9121826847749175	1.9131623344735444	1.913724244866728
1.876098802551375	1.9126984436654477	1.9170684940008786	1.91827891341939	1.9195815494115687
1.8922788738317218	1.9473055338258056	1.954969316799156	1.9560735297546687	1.9571377689845046
1.8748680598626164	1.9108217616859189	1.915308924996639	1.9158585260149412	1.9159896222300343
1.814820980637669	1.8510967302821628	1.8614087024683874	1.8663502937023055	1.8688202822681899
1.8669917243877343	1.9011263864377625	1.9119906043354757	1.918007308977935	1.921668374474055
1.8235142628766305	1.8564757727740864	1.8609778034373208	1.86211181604947	1.8624772238355551
1.8009708514584015	1.8417040204152488	1.8499281460833559	1.8512310244845875	1.8520313409344524
1.8827752208549244	1.91067792896966	1.9130016862038084	1.9139058211522477	1.914773141861226
1.8594764959096166	1.8984935937437217	1.9053873233606553	1.9094234772798722	1.9119344951948753
1.907774005938323	1.9417527328619337	1.9490575017152905	1.9546505791808748	1.9585000019720957
1.7212328370438241	1.7539350700172345	1.757789612787444	1.758173808549332	1.7584678577931767
1.8354734933541321	1.8864744243630955	1.8924966030123869	1.8931586196397268	1.893228117624972
1.8421768591611802	1.8796491844790613	1.8842646517985941	1.8852331126574178	1.885503935987223
1.8572192732188066	1.9059380142589888	1.9177981238667707	1.9202753046394927	1.9212793065598026
1.8376136390399151	1.875277141799679	1.8822162998487242	1.8831464440468055	1.88318185398082
1.8263935685543016	1.8653469795739561	1.8712716141505068	1.8720305463932074	1.8733180928906308
1.8030827768037618	1.8399616938228003	1.8492934254509827	1.8532285040273668	1.8544417962429123
1.7374235229861146	1.7756718672307643	1.780875571976623	1.7824557524910853	1.7829214756386433
1.8306167922468564	1.88592248719301	1.90277299853213	1.9068229634918945	1.9070406222524185
1.8170395618895858	1.8498668634719202	1.8540257630819679	1.8552458944302652	1.855958091068731
1.7968372755481383	1.8319311365560729	1.8356120630159365	1.8360722177621571	1.8361557988487562
1.8484416587695933	1.89575170524345	1.9029224715803679	1.9054313796810585	1.907446609495004
1.9042791277808955	1.946091713627038	1.9558791372409008	1.9613633798621286	1.9641492024622127
1.9013866647974926	1.9432144239188471	1.9498620871370642	1.9513009135443253	1.951444876781964
1.820642585389638	1.8470382996391297	1.8510082384461544	1.853904131282286	1.8571307752992494
1.8820772877564638	1.910535156267596	1.9133822987699123	1.9146986786012452	1.91554598286005
1.831060853746622	1.8621662912469477	1.868380175065369	1.8730787637211488	1.8764490213856417
1.851134211476888	1.8959616369978756	1.907399141353104	1.9106031961032692	1.9114976679953075
1.7403406459643587	1.7764888025122878	1.7850375148313204	1.7867134852861544	1.7871553982515764
1.8283291490073648	1.8609938723757051	1.865566604359171	1.8665404006529946	1.867688119861152
1.8389323909964659	1.8809668808073126	1.8898149873593524	1.8943173365166328	1.896792035862698
1.7695117461257808	1.8219478120670503	1.8383341325916764	1.8472855194242723	1.855490420957733
1.7902596914577755	1.8261123091679081	1.8329010386555398	1.8337054998084954	1.8338285898953954
1.80383254281114	1.83605959445725	1.8475462622953813	1.8538571074328327	1.8557108119294434
1.9509488576903076	1.9911679378358416	2.0002966371674806	2.0029349967162964	2.0044247519938936
1.8564065339667184	1.896480859424773	1.9024273042414857	1.904688217493345	1.9059025866460253
1.8746085070061766	1.9144524717246298	1.9211696547084953	1.9226905657650697	1.9233244360549817
1.8362755773295873	1.8675445974923157	1.8727986415621762	1.8744094396695026	1.8751331799505913
1.8124349100365436	1.8453597230917194	1.8490849039088524	1.8499055263214517	1.8501065991475951
1.8543012407982857	1.8898421605338391	1.8939773008046576	1.8963831443871813	1.8991788124135724
1.8407628830477425	1.881362965103002	1.8968665181575208	1.905890182934712	1.9095279204860371
1.8331439690343823	1.8680135101263788	1.8753854487516024	1.877931218562421	1.8795280209038276
1.9001573231197295	1.941149046272816	1.9530200095470942	1.9559708719802011	1.956436159711892
1.88761622037947	1.9337184097890523	1.9449970944243609	1.9478448075699462	1.9485298943373266
1.794015386492129	1.8333241131386246	1.8396903093477979	1.8408160560733116	1.8410783759143354
1.8221755493613419	1.8686665251578445	1.88406464614443	1.8938225202178838	1.8983694484115956
1.8468912336662946	1.9095580628986062	1.9372614114413924	1.9566453065971317	1.9683254789008768
1.916518085796778	1.9625507108493812	1.9776270988082643	1.9829666520581357	1.9843569471108067
1.8253465482544915	1.87425547487906	1.8879864443273549	1.8911400898186936	1.8915266406933662
1.8528352366394722	1.908097291613744	1.92161387198708	1.9234431963636396	1.9237269212637198
1.9247848714841425	1.974440585606935	1.9811460244559844	1.9836829363102617	1.9857383742089334
1.8894606400237899	1.937924506035015	1.9452463375005113	1.945818486852228	1.9458416576710984
1.871471136831406	1.924163590337606	1.9385684817051345	1.9470083171469035	1.9523369399307826
1.798285772260505	1.8394657891029724	1.8452283399078764	1.845854045917669	1.84593343308135
1.7085021174200667	1.747720676226245	1.7546888152102167	1.7567942971254562	1.7571606480619535
1.907539395684229	1.9626158727998684	1.9704222957187267	1.971745295991854	1.972256001661596
1.835305244855491	1.8872975317072356	1.901182761405593	1.9047090863160394	1.9064106169738646
1.8702783832005239	1.906511564025243	1.909417842366046	1.9098616071321994	1.9102430537613169
1.8537490171916087	1.905737325613227	1.9158073497107646	1.9172689429185743	1.917803283969186
1.8555727853330506	1.901950901297463	1.9102612166566248	1.913523183053683	1.9155431737194148
1.8826988003476108	1.9231769345025238	1.9310775801570397	1.9321235449964942	1.9321865422560704
1.95525377126497	1.9917078856515522	2.0002710628065747	2.0030419049937294	2.004150166000833
1.8070240742725325	1.844524624230859	1.85236421424876	1.8557793133687286	1.858043280691753
1.8117157893916986	1.853222576385261	1.8598954722471046	1.8606960408134896	1.861335050207835
1.758247281493697	1.7996900138321923	1.8094033932943419	1.8143630284073489	1.8174177825485354
1.8827206490002615	1.9239956714468514	1.9291754209070753	1.9309285337356878	1.9321104801350468
1.8430164924478363	1.8840092917156497	1.890974364398105	1.8945032610620869	1.89749010776042
1.8358867312054152	1.881618885754077	1.8939758152322483	1.898670884013323	1.8995539474059353
1.7888906987918909	1.839002179716492	1.8585415698963288	1.8680137198449094	1.8703844327993646
1.8183828220045086	1.866594615016528	1.8776032505854257	1.8800235523902975	1.8802425118618942
1.8393431700530334	1.8935097789151387	1.9086971505272463	1.9118311817697484	1.912634846603571
1.83311521077263	1.877937207226719	1.890019013485116	1.8972531047965355	1.900418381653121
1.755265257388711	1.8223140981720987	1.8347861065819495	1.8372289559237471	1.8374493931575602
1.8381495279754094	1.8745973803160634	1.8791280716635572	1.880085557321523	1.8810040130198544
1.8339853838316813	1.8779343100039683	1.8856761207505357	1.8871206304925372	1.8875742012803103
1.8171656883091643	1.8609600045867922	1.8719392950051263	1.8806376731250969	1.8854288476924719
1.8247774452102186	1.8626672226838772	1.8669558670426363	1.868745437043656	1.870359232340973
1.8104236415738255	1.8509610606357398	1.8623719045031915	1.8656703896177407	1.8666879380050494
1.782112515729852	1.8176928902517748	1.8228544905849156	1.8234823106214832	1.8236836389522046
1.836273155315896	1.8688340299054862	1.8726886575493635	1.8737629020300006	1.8753166573849052
1.8443022592187328	1.8951599027736719	1.9065311131482205	1.9123572418390247	1.91676229592353
1.8855350041912307	1.9244884603281598	1.9288924175287299	1.9294370594978536	1.9294776319508409
1.881197732271712	1.9407548047423135	1.9613457910311722	1.9666603352135705	1.9675749881602997
1.8181066537587505	1.855116172447413	1.8718120000245275	1.8825714253067107	1.8897443166470544
1.8651917070660073	1.9029525039042652	1.9076606588113283	1.9088639531264397	1.9091742754220014
1.7934853806862836	1.8449226174558955	1.8534806509873434	1.8559358195582702	1.8567816926079213
