1.735024165131868	1.7802391501481516	1.7851274170118367	1.7852777558746433	1.7852970083130806
1.5918961285587425	1.6378950455937489	1.647957912767618	1.650710235813606	1.6521743956814572
1.6005620433695253	1.6518213353501392	1.6645296454457152	1.6665736817454042	1.666666482388227
1.5095651673745152	1.5440002622080278	1.5497635494478348	1.5503563291831919	1.5504165422625489
1.577697451601708	1.620418272012865	1.6257668095335243	1.626899604993374	1.6270011129479924
1.511310842340526	1.5778771461252956	1.5957443064802503	1.6035934857313998	1.6069477476896652
1.5577188579733043	1.5856597749376178	1.5883548593704246	1.588575611342714	1.5886818016489186
1.5470292363999973	1.5720241253170315	1.5747807323906298	1.5759455934033162	1.5764482905980184
1.5961168465442432	1.64421035128962	1.6519416403784832	1.653216388465645	1.6535688475515236
1.5593169284786406	1.6000868707279385	1.6088636262032654	1.6113407644278879	1.6119277385829094
1.592623395107228	1.6294095000280202	1.6343448877782847	1.6360961933862794	1.6365555781628605
1.5128055802996496	1.5513227507835885	1.5620886311149755	1.5666101844732818	1.5696707499970224
1.6456678180006623	1.694764209649123	1.7157775790405854	1.7327024888616056	1.7430026147159003
1.5463160806710952	1.59174137096632	1.5977142102802462	1.5983588553617665	1.598420969955027
1.653573978330851	1.6889322334357542	1.6941919917350594	1.695172840879937	1.695403041486918
1.5259464521607549	1.5607480280746704	1.5686479902384354	1.5730245168851391	1.5767614361626148
1.501668919326044	1.5310140381066781	1.5349750544856398	1.5361593373815132	1.536479205890083
1.4735127138931692	1.49510284703245	1.4963500017140894	1.4970779971275883	1.4981408747458906
1.6080482010283355	1.637615955172972	1.641336459941147	1.6432592755542248	1.6446665612177829
1.5439572304284774	1.5893001855220588	1.606075926415414	1.6208801705249678	1.6301748830207545
1.6359059054823346	1.6774488929584561	1.6864058203006629	1.6894524952404468	1.689946175382904
1.6124208363435655	1.6693891549050701	1.6829086741544461	1.6857096254413428	1.687545336987822
1.5358366449956198	1.578229415238499	1.5860326402224265	1.5875256657987913	1.5877705987103243
1.5751408593268337	1.614686708508553	1.6192707682271719	1.6198470234341293	1.620058846368934
1.5201904184766484	1.553057152903552	1.5582350393280913	1.5587729822431755	1.5589365876869279
1.617981633261958	1.646684972159443	1.6563647252223113	1.6644664488976764	1.670737442499684
1.5918304477641383	1.6356748173531557	1.650550585309991	1.65395239388983	1.6545223659481367
1.5602249406651394	1.6175758664572257	1.6283193115084458	1.630343933907288	1.6305855236182232
1.5312913997706261	1.5783552783658987	1.5880503411837052	1.5898631110005204	1.5901601941958083
1.5468207901724147	1.5926737299665776	1.6044638199817467	1.6062715683534285	1.606708067380883
1.5888512169394924	1.6387059777151476	1.667964890986199	1.6901406774133712	1.7028757489366086
1.589695536164043	1.6265700270877885	1.6370213768892303	1.6414905777741282	1.6434796506586946
1.649163794782146	1.6946882500384675	1.7044345806248165	1.7072027872690834	1.7082829580401178
1.5512843728281422	1.5792119583361306	1.5830895111867735	1.5837374130007484	1.5839203416879213
1.5025139515798196	1.5457436241615499	1.5566341714534904	1.558533592316823	1.558697170357137
1.5878177534143592	1.6218082961081401	1.633339534522118	1.6386453996503854	1.6407213547630575
1.6074271093205243	1.6557923651252968	1.6673730418081023	1.6716001264418054	1.672645667931902
1.5615631020767837	1.59575125752279	1.59819745230829	1.5985839410256553	1.5986576530026217
1.6174217213305102	1.6589542674448947	1.6659437935274823	1.6672654729053609	1.6677346583610158
1.4977972749873687	1.5291290765675543	1.5334918730160036	1.5363277687967212	1.5385518792144122
1.6157138618845708	1.6502793009783387	1.6575437101190722	1.6589954729832659	1.659541328565067
1.610738323957705	1.6474154834641033	1.6548337563529332	1.6578300484020505	1.6597419092545922
1.5092779428680163	1.5568285172197842	1.565117540256986	1.5663076101031557	1.5667421787906013
1.5445288935355468	1.5937161791138155	1.6124097037396312	1.6187230062937454	1.619765803657224
1.583191824047663	1.6183571930110168	1.6221003833407306	1.6226682528607843	1.6230875106322113
1.4891229031905073	1.5423525006732846	1.5536175719641552	1.5556605407402142	1.5559256896238762
1.5316370160554407	1.572621977119773	1.5773389425877604	1.5786720633847657	1.5795949624572765
1.5673777516394989	1.607521384709876	1.613464533697821	1.6145506142815347	1.6146377609307077
1.5515479152329323	1.591947883445617	1.598210482600935	1.5997411394868926	1.6000619903672182
1.5535085626715088	1.5947302491000404	1.6050716210402907	1.608694015224997	1.6098679807288772
1.5963004608306104	1.62709770560637	1.632413331315205	1.6353096368197577	1.6367692857609286
1.5399846273231572	1.5851511741334774	1.591520310888557	1.5919885496239938	1.5920293264350789
1.5273102121196802	1.5622610776591799	1.5705920607710049	1.5729782561034846	1.573289119607266
1.6032442138639589	1.6665575251682605	1.6861203368885689	1.6957872189043266	1.7004019798729222
1.5261057862989484	1.5532491801914776	1.5569889135545203	1.5576299935616404	1.5577177488651384
1.532895492145844	1.5787693562486247	1.589351856275045	1.5986456553700301	1.6060149684655662
1.4819156439233518	1.5307930563817356	1.5394643728126225	1.5403186860159264	1.5403421995895292
1.585980515148202	1.6288238476377985	1.6391577874099672	1.6413778737806926	1.6416691788357587
1.6385054325506978	1.6874391614384017	1.6944556923672558	1.6972302769510512	1.6984442640211732
1.6267216992997064	1.6788593728860357	1.686890448484258	1.6899696085780023	1.6919389310406239
1.6541697371247324	1.689103620479824	1.6971815795676164	1.7004061215422606	1.7042454608647786
1.521910425539803	1.548352885208926	1.5573312803699588	1.5646104989028133	1.5694242041105
1.5593577949012818	1.5976924345431984	1.6036337740151805	1.604906285812088	1.6051146008884625
1.56965739286265	1.6257275144794252	1.6457234007659485	1.6517192091982031	1.6529354260004367
1.5776073886756887	1.628401412988473	1.635021438310611	1.6355884403489533	1.6361800779644875
1.5478238256263357	1.5893221440853054	1.5952402656362097	1.5958874725629169	1.595908975439373
1.5784438564263528	1.6093779086675608	1.6141720164170426	1.6148849383438613	1.6150152975455765
1.5382176752624426	1.5909604098004428	1.6040258921238826	1.6104230172227105	1.613151469391058
1.5434725214802358	1.5829850323817731	1.5994264111785466	1.6061134730332505	1.6067609052309788
1.5817143312122353	1.6292025188317314	1.637465851617478	1.6402272603398076	1.6409104930121066
1.5576686535513422	1.5869976319510655	1.5914597880304304	1.5932825307957306	1.5946415002253078
1.4926989012907512	1.5350961290143394	1.5419068325766874	1.5427440143074023	1.5432685940972781
1.5553542630922668	1.5932215866221429	1.5964244152549687	1.596922507492576	1.5971438296201457
1.5846576396200347	1.6262960234347608	1.638522869418939	1.6443223631407864	1.6464841380211348
1.587511406215913	1.6234282095197676	1.6308398750337088	1.634884251691228	1.636894859630066
1.5202351604978213	1.567243013176342	1.578293303176189	1.5809746611134499	1.5823561005473104
1.59392081536683	1.643089591832788	1.654275595919815	1.656766269603148	1.6575171502908317
1.5847610349190724	1.6355846525557936	1.648190251511599	1.6617884725043743	1.6725173067777903
1.603098761121254	1.642880401309991	1.6492548567502885	1.6519697868383314	1.653609498896432
1.5766188096937142	1.628814276118148	1.6449202950555923	1.6513210789003252	1.6531914166804096
1.58407685548114	1.6192006481968946	1.6254657625047713	1.6275438172519952	1.6280795054345818
1.5965615802326005	1.6339196531279883	1.6416522292769171	1.6429893870342858	1.6433840315149502
1.5934384262233356	1.6436330016321552	1.663373918505768	1.6706636625184805	1.6729770951359046
1.5589612777820507	1.608682672807135	1.6220853972379599	1.6264160461938166	1.6289938391175534
1.544039825346741	1.5896153876736079	1.6027675109741975	1.6084526771125214	1.6137515929491182
1.5395205657265663	1.5835632166285236	1.5990562546292706	1.6059876925916572	1.609475216998753
1.5529473097865527	1.5880801227523245	1.5936832100431961	1.595237370238326	1.5957599863692804
1.547661880054277	1.5960165532006416	1.6059635482673975	1.6077838581525965	1.6079579926578078
1.5827070958540361	1.617603148383575	1.6267007162747167	1.6303205710402524	1.6308796611312968
1.600955313942926	1.6396889871223148	1.655988412652022	1.6679146517986962	1.6768425215018068
1.5665114468240138	1.6051814385001724	1.6212992594230544	1.6316003330296078	1.6354790534058201
1.604348324966169	1.6412500401963133	1.6448223400343085	1.6489411311308075	1.6536030283129102
1.5448758329096206	1.5793954691420824	1.5895962573713718	1.5961306672193485	1.6008340812759925
1.5472795918934095	1.5868416208653173	1.5953691895822104	1.597645786644387	1.5978591820166748
1.5644090228739054	1.6077076383208964	1.6201743744214374	1.6237544448178232	1.625734047140334
1.571081251821426	1.6089234096262657	1.6138919376378167	1.6150202155850948	1.615175875347114
1.585298466559601	1.631996953494206	1.636940099709788	1.6372632286830935	1.6373526325155934
1.5833508624060153	1.6263346675948924	1.6317078630001651	1.6336422681183367	1.6341786531103737
1.5972920239937471	1.654184184710829	1.6692666406928387	1.6729960144533198	1.6737284866574187
1.4519462576583604	1.4947574346164483	1.5051690245726372	1.5070943085215271	1.507351306662494
1.4458800878370395	1.5029123608655397	1.521030484407442	1.5254799289413081	1.5268528812718536
1.60877759414673	1.6561021923239692	1.673356499558454	1.686454350655968	1.6957694877734577
1.6464328243905992	1.6857276766551725	1.6960344731165098	1.7000850014012479	1.7023923599691202
1.586952639683464	1.6257400503000066	1.6293432272308432	1.629510651165146	1.6295122961017081
1.5814578646635067	1.616820574538235	1.624058205759034	1.62671199365781	1.6271075838195912
1.57349141931411	1.6200945536134175	1.6235704102671773	1.6242765781351824	1.624838498481516
1.6094402307278082	1.6523696354266961	1.6600020444880252	1.660778093274944	1.660823453165916
1.5564916337328751	1.6065895907359211	1.6214235397589216	1.6257806336372853	1.6266418467337058
1.5298670011401743	1.5592579202037962	1.567284417272193	1.5732675123657274	1.5763996574713837
1.536353149886999	1.5754939970651851	1.580336998370947	1.5810976431330435	1.5820219832551685
1.5413607792668915	1.5866611523144765	1.5964528830285019	1.6002011276686545	1.6008887730514056
1.6518972007701855	1.69196912042098	1.7039259341414998	1.7103028878648803	1.7135761443070614
1.6637333271411	1.7131526962278674	1.7201537432219174	1.7217854231695997	1.7218769059506431
1.6128493677224305	1.6473157294101881	1.6520876598540393	1.6528874488992447	1.6533192486232362
1.5970484812276493	1.6326822883433636	1.6373537761271106	1.639070724854672	1.6407209854084963
1.6097082511158807	1.6641186800571008	1.671085470838812	1.671997473015747	1.6728316058364476
1.598563560457528	1.6335748809698634	1.6385076103305032	1.6392231451411023	1.6393277906321186
1.537865856075416	1.576281547530418	1.5861072520489745	1.5904321208659113	1.592545749673395
1.586941545022941	1.6219719495673683	1.6341176034178189	1.6410434115476706	1.6453214856235934
1.5518921823117218	1.584093819503784	1.5883163178870854	1.589434377128599	1.5898298010707157
1.5308663442006563	1.5716737843153796	1.5797279645161901	1.5810580490160404	1.5820712225255018
1.6007398983591503	1.6268075294962476	1.6290871880687605	1.6300008348229003	1.6308358990393736
1.6006796624815463	1.6379062589869091	1.6443074861390712	1.6477272524721587	1.6498036732298158
1.6300762815795558	1.6628923847683945	1.669687643035289	1.6741275280174823	1.6770147192598301
1.4459359752472443	1.4773217956775935	1.4809621942325764	1.4815077903414864	1.4819670854673148
1.5406577014529435	1.5904762805060977	1.5960500074701498	1.5965990183510492	1.5966811391184506
1.5706171743875124	1.6077533299697802	1.6126642404674967	1.6137577453565848	1.614057702893109
1.5993201679360642	1.6479679931161335	1.659722066223398	1.6623850477010325	1.6636384912262856
1.5791936874829156	1.6171745650777751	1.6245268692491166	1.6259490206833442	1.6261109331856167
1.5317865854276622	1.572233495457984	1.5785463928827768	1.5794269887744272	1.580863912635048
1.5253849355433045	1.5604922934648022	1.5691349195005098	1.572606613794927	1.5736650354957065
1.4688269782886716	1.5091125919855184	1.5147556886965692	1.5161594242330625	1.5164964751672056
1.5692534657209753	1.6235040759667234	1.6389044745789898	1.6424228325394614	1.64259654908987
1.5481251636949651	1.5814731270655962	1.5859394121600636	1.5873075029235246	1.588093073690624
1.527247863635242	1.561572579836264	1.565014392263277	1.5653260219249796	1.5653663587250197
1.5682471083482497	1.614905698129151	1.622886161110797	1.625574552761708	1.627630388495483
1.6286319210539837	1.6692970088638075	1.6774451340456087	1.681508696956956	1.6834395042778225
1.6509404746521348	1.6926320329468252	1.699247679350345	1.7005123254165246	1.700613123677997
1.5308869062985093	1.5568093615498926	1.5603513672615157	1.5629509541892754	1.5655158911626592
1.5887281437917937	1.6167722460574765	1.6198971885293272	1.6212918288609988	1.622177551412449
1.55807895326128	1.5881602564333681	1.5936077924317926	1.5977319916418697	1.6006715996315561
1.5877494398304957	1.6319941924883246	1.643795046157385	1.6473885370245995	1.6484062075496442
1.4514844098315032	1.4864556179707524	1.4942284334404061	1.4955760620468983	1.4960733437992855
1.5593344417124237	1.590899934471332	1.5950770962329102	1.595993605366145	1.597276873755407
1.5756426016424574	1.6179743142586107	1.628174424242791	1.6333246608606766	1.6359486696281174
1.499849195746959	1.5521945066808631	1.5684942461361353	1.5777453467801297	1.5860563376255692
1.5059303457254296	1.5391825918619555	1.5449947256972878	1.5454520225744484	1.5457948495546376
1.52354731107116	1.555209144732396	1.566569775829149	1.5723047586840053	1.573828316044027
1.6854075514969453	1.7266145674034663	1.7361524112882631	1.739092007298057	1.741024654862042
1.591429954653745	1.6305594775193564	1.6358935110619501	1.6376514366049326	1.6384760057955432
1.6126708766394031	1.6505691512562282	1.6569896567033238	1.6586397782038442	1.6594849282206285
1.5734629090761418	1.603479313044488	1.608529198398946	1.6101929578293073	1.6109857319989564
1.5376796332478415	1.570372890892769	1.5742702568575122	1.5751698800978013	1.575390937426035
1.5852215087686792	1.620709539753492	1.6248341124712173	1.627533671299322	1.63053294070225
1.5651716260107502	1.6086116808414272	1.625376415563235	1.6351995568812285	1.6391265679508489
1.5511097024009601	1.585549548860723	1.5925294920849902	1.5948381325940453	1.5961787700741457
1.6171812240597518	1.6569072790763268	1.6682487213529673	1.670953482875082	1.6713752018298564
1.6084299408486404	1.6541736408032888	1.6647668877475637	1.666990139162004	1.6673804707494824
1.5377422099689293	1.5769333461009418	1.583710339319119	1.5849243143781804	1.5851819615216352
1.5576346624153405	1.6054050308117782	1.6208574755745655	1.6293224903378138	1.6327283762973381
1.594999716957818	1.6585267175654494	1.6855177686842444	1.704396494386651	1.7158266789010985
1.636217084803462	1.6837000677740086	1.6986052950048762	1.7034022487692415	1.7045666043669485
1.5504624183647777	1.598337638302957	1.6122344919168807	1.6154259837022678	1.6158024458873228
1.5879351917727083	1.6454902266732965	1.6591023069423423	1.660861868781612	1.661169812245485
1.659634745227079	1.7064310878874696	1.7128461205060612	1.7157579519677761	1.7181619122312444
1.6182750264601942	1.6650279450782315	1.6711493606551946	1.6715126880472242	1.6716266723162325
1.5968406983012549	1.6508894906214358	1.6643914256751036	1.6713081564808907	1.6753380471425559
1.5191353123197293	1.5593585812919124	1.564623140580028	1.565205664157488	1.5653850582860773
1.4431071958821382	1.4827975047596054	1.4905557046434008	1.4925600712721805	1.4928274198020188
1.6225351943986626	1.6775046595689198	1.6847643835417652	1.6860606525269095	1.6865108467271468
1.567146324187198	1.6202908020676923	1.6337353832608805	1.6372213689639905	1.6389887877377751
1.6029254105698396	1.639148172573272	1.642009613868955	1.6425623095476636	1.6430847798721013
1.5937072516031887	1.6485305395880974	1.658344341632866	1.6594817484990363	1.6597776096895436
1.580260215745134	1.6281833798603371	1.6372413898849008	1.6408513303885623	1.6429443173646312
1.6245735109725714	1.667815254616334	1.67641215122576	1.6774348167626092	1.677472856419478
1.6939283163408678	1.7302295586177747	1.7383853157090414	1.7406181585815184	1.741350038198126
1.5303153804733032	1.568914395945222	1.5778545930538221	1.5822651570878354	1.5849889077502666
1.544697051934122	1.5847304340666222	1.5909804728311143	1.591941359990508	1.592925774407139
1.5049087669687586	1.5470929831975258	1.556956230993712	1.5620586549353	1.5649801352900237
1.6052342879380648	1.6441888257638506	1.6494695658944418	1.6512297121808635	1.6523013814955225
1.5861406668570968	1.6283655896456128	1.635697655455507	1.6390175538243823	1.6415416886283276
1.5727638725417687	1.6175497688187153	1.6286229122562508	1.632290977975283	1.6328825995723844
1.518509752361475	1.5666841699868101	1.5857734229560068	1.5948047426014194	1.5968956202680964
1.5640280459581917	1.6133545113687824	1.625026753138488	1.6275848440229133	1.6278100870687175
1.599901791576518	1.657739477616668	1.6737377246306704	1.6769351972835351	1.6776775185569857
1.5586435644745733	1.6026506914742384	1.6145097270071338	1.6213276945407964	1.6241046348151367
1.494000614717871	1.5608741813322367	1.572840323589347	1.5750463620501283	1.5752608805267858
1.562780516516527	1.5978374355421556	1.6022722926469555	1.603734499148121	1.6049141845405988
1.5674274881895014	1.6121431513215478	1.6194572620285244	1.6205820850017623	1.6208629024238843
1.5476005213340738	1.5902323433488215	1.6017457876919787	1.6106609492378399	1.615076348674869
1.5605445733822318	1.599775640168426	1.6048477040302833	1.607020707580117	1.6088952201216902
1.5580812594046578	1.599703091221663	1.6112208506789418	1.6142276621926361	1.6150127515210388
1.5224781645443255	1.557825529822224	1.562940632460992	1.5635675505929085	1.563855595790191
1.580077502095474	1.611886620681233	1.6154688446688303	1.61666726393012	1.6186256209497638
1.5928864421787217	1.6437666508948046	1.654737591276184	1.6604786861744232	1.664844413891386
1.601782621583873	1.6397663535393583	1.6436191513845926	1.6441333776060894	1.6441971727758287
1.6066097394945227	1.6657205019939272	1.6860830735935306	1.691102926827584	1.691841667832236
1.5523196495054536	1.5912389098789532	1.6098891646134417	1.621802143740047	1.629702072695501
1.6046444848530794	1.6418415668127522	1.6474616109654414	1.6495260472532065	1.6500830059496765
1.5403095835704694	1.5945251315912319	1.6040765266797465	1.606984513432587	1.6079473026008861
