1.6616432678616744	1.6949610193968518	1.7018782022341288	1.7034651195078752
1.7099151840086873	1.75371447678766	1.7663909565557734	1.7691305214400725
1.7926357021724677	1.8195786106137832	1.8316624205574237	1.8385150914131727
1.9239327344536372	1.9800582828826077	2.001506021040044	2.010909726592216
1.75616162535207	1.8122851462306528	1.8232590574400673	1.8292524150126057
1.6372273606102428	1.6831193650539507	1.6929255596640622	1.6947939856768481
1.6581157395201114	1.7128971513770248	1.7339563645711786	1.7392708264412415
1.810281238920321	1.8735145242526476	1.8822206370476315	1.8831548349499205
1.6926623987759526	1.7134547998751704	1.7153785888528563	1.7161078565189776
1.6521424007531245	1.683568868265495	1.684782304757884	1.6849986234141572
1.8641330418807731	1.927317322185627	1.9494052210200057	1.960038325357484
1.7537740140765623	1.7903690638488816	1.8013651977181189	1.8080309072241272
1.5546482337916223	1.6051935571873168	1.625531424678291	1.6346112705628744
1.7969333235372114	1.822607860206753	1.8244256823223426	1.8247768335434207
1.9094205445657693	1.9604793375663978	1.970357139987769	1.972579876111017
1.466241848439749	1.4927523810927976	1.4983498047245236	1.5001368819995475
1.6957171211078543	1.7499212930935533	1.7581415630688069	1.7603793894721855
1.6897544681071839	1.722321320984136	1.7278810010373458	1.7294760316091224
1.817113734475324	1.8517745416007934	1.8645450032596025	1.8739114816426
1.5978557500817243	1.6331706862467756	1.637240701952915	1.6374951668309021
1.5420818886542398	1.57335929692171	1.5888780685461008	1.5983897062228392
1.6095172336846573	1.637724579660872	1.6396132950978213	1.6400213801817198
1.525568771085706	1.5496035218180373	1.5566560503700992	1.5597018033258594
1.610196996845366	1.6535336738216095	1.66780177194069	1.6763092918554894
1.5447577461995128	1.5704118391453759	1.5718962027819994	1.572026816901535
1.622475177575602	1.6565214355317892	1.6725116004120553	1.6811360667000859
1.5504200150682996	1.5976689343000046	1.6088507370603535	1.6099923120380337
1.5892443745369664	1.6471486166063334	1.6704685862726771	1.6866101761744026
1.760912649656993	1.7903318549539313	1.7920639083796233	1.7927732035298565
1.7445218318640485	1.7871992116545936	1.8097461431617288	1.8221785038458755
1.7109707194290535	1.7519588268038535	1.7578284064104808	1.7634985960243497
1.8362145871319746	1.8955203713973858	1.9370277851574367	1.9601698592520898
1.7834945146430576	1.80629446847138	1.8080674264251628	1.8081780466795851
1.6677359879230107	1.699534929200689	1.7073017270957396	1.7088025375936344
1.6575581995812076	1.6803324627195464	1.6838626242688743	1.6840885112756283
1.7249607595682954	1.7613553111160296	1.763968207733058	1.7642217158753755
1.8161176637552245	1.8520034119508113	1.8554856100195107	1.8568731526867321
1.5232554055008625	1.581023900977868	1.5932307647335324	1.601152239967195
1.6559415092454044	1.69464102565997	1.7002704316181094	1.7006754082846627
1.645557289593961	1.6834871350324252	1.691028957308883	1.692610687406642
1.7958168907885368	1.8492298276392203	1.8595210617678242	1.8606090909718955
1.515089308873744	1.550538183168562	1.5543504106296453	1.5549622265429721
1.7522108947591426	1.7908016641681292	1.7966101201439368	1.7984665477529842
1.797461492508069	1.8304703902919146	1.8354622649625219	1.8370932459231009
1.5903429433615655	1.6291258359153014	1.639778500754089	1.6463649786659091
1.8078058382305284	1.8371853701789065	1.8422057242106171	1.8447964787858355
1.6222508308175871	1.6537369881284834	1.6619687463300343	1.6661301855973745
1.904631753995682	1.9553101636647587	1.960529271704721	1.961144313374287
1.7179725847973706	1.7500676249267952	1.7568496453528337	1.758938570207238
1.9612468173069215	1.9962487044314259	1.9989424965869096	2.000339672066173
1.6459990812323744	1.6730405651728903	1.6756496897900375	1.67636455108576
1.8806142357660995	1.9322582288942414	1.9410285780486651	1.942568262375547
1.6480614161533034	1.6903901381016495	1.7000345448790124	1.7021869411470534
1.8243925343246614	1.87316331709717	1.8811379141030171	1.8833470121362197
1.618510123580655	1.6734764061537504	1.6873042108355527	1.691239041624708
1.6261878518175328	1.6490164006430497	1.65082858083423	1.6511691775163704
1.64010268301098	1.6595065772134754	1.6597888481969059	1.6600925740556143
1.7721135358835343	1.8166233726046528	1.845443025552235	1.8637794112098078
1.7246766904632351	1.7647179446703791	1.7781793034812907	1.783192258805794
1.5738374598680627	1.598656730359736	1.6047920779971054	1.6062384712253706
1.4857902281131579	1.514735248235751	1.5175162820996222	1.518087132649473
1.8317819236381023	1.902728022391653	1.9169732228086345	1.919150792767657
1.7751957722768608	1.8066898951847004	1.8131382317560083	1.8150064670339914
1.7330831882286362	1.7548886706371007	1.7579672382437994	1.7605752417646796
1.7063731052217803	1.7650278279819707	1.779507231445579	1.7827353116531222
1.7220554055417778	1.7615611510354146	1.7698204269448623	1.7738909320392457
1.6636638212091455	1.712573754641656	1.7299040109464172	1.7365972631542972
1.6855444955949144	1.716893633704149	1.7306830148767491	1.7389919815670185
1.3385928975552743	1.3598245899146586	1.363665646947157	1.3641353708547337
1.5677244186421282	1.6062702124896568	1.6105843067844439	1.6108153026173182
1.7437281343463964	1.825652958081065	1.851015084724813	1.8576036718457634
1.6730996176356554	1.7654666351188841	1.8189037655479472	1.8456517758395
1.6492251140500347	1.7079780822754942	1.71823143545601	1.7210740890005967
1.6580275896014827	1.6868751028524307	1.6938260382161219	1.6954361940971971
1.6950594654357394	1.7241249281274864	1.7270690429099247	1.7309130243192727
1.7437520288563584	1.788982953061479	1.795530358400638	1.7961193996231988
1.4453937487003343	1.47000811225199	1.472692680049288	1.4731988591098375
1.691584689048699	1.7327263485266677	1.7397325114871791	1.7402821075968238
1.6600020754625624	1.6930390105795439	1.7120819365700468	1.7228124390699067
1.7073156775441802	1.7849978788021448	1.800031217149632	1.8017029086023393
1.6825220618727832	1.7145132227042905	1.7228949657330992	1.727506369193881
1.9136574827753303	1.965208487140949	1.971746994574375	1.9747171211779988
1.6956977670780515	1.7386707080722532	1.7425854497176672	1.7429765744983918
1.768707070214179	1.8108811468768153	1.8178175957967269	1.8186549678382058
1.6687141421844645	1.7045325585958486	1.707554823832654	1.7082499731252143
1.937860609865106	2.0234858694271365	2.050354467261014	2.0583081367622422
1.8178370576710348	1.8881315362011515	1.9035820999322266	1.906428460435573
1.7037444678118365	1.741638886473176	1.7467457066229883	1.7512268085348583
1.6308965405459201	1.6721614347027052	1.6817636633386033	1.6844291884326024
1.7394957486428961	1.7878344451261365	1.799643624359695	1.8052459343838576
1.559667484257282	1.5778210496728844	1.5789868091614163	1.5792531619451058
1.7366216958238676	1.7715684996725187	1.7736586930274048	1.7736336396951955
1.5490271813923093	1.576339495827982	1.5808804126882674	1.5852576379606174
1.966992497125933	2.0324420778583363	2.0436974880753866	2.046679478889533
1.8313059178731654	1.873952321122337	1.878702653323887	1.8789499046833067
1.7697127725093869	1.80266939387575	1.8092111891023164	1.8128827505374085
1.5959122152690908	1.6182885461862424	1.6215880412334083	1.6223563399709997
1.6450704522298534	1.6648230394345283	1.665725054879377	1.6658557642648115
1.6003389625378708	1.626306571030146	1.6316936624371436	1.6339876689243344
1.7507958346643178	1.7735001054497488	1.7798355220226192	1.7812440559512694
