1.8999204886804066	1.9425855772894443	1.9471238319175583	1.947262787828214	1.9472953321294644
1.7827148771116594	1.8278755901349701	1.837591851060777	1.8398855453350174	1.8411071034606117
1.7843143441274631	1.8350864951977712	1.8479920215053285	1.8502512780537206	1.8503778564101887
1.7029306092742014	1.738568632629768	1.744693492426676	1.745395058831067	1.7454277321526293
1.767056855685362	1.8106352583357292	1.8161359231792105	1.8172545015906298	1.8173623307828308
1.6880848619044542	1.7542585150497212	1.7731803730398725	1.7823460656878656	1.7863672052541213
1.7627743477652902	1.7916192009101208	1.7946364052711246	1.7949513959718133	1.7951442135010724
1.7435302838398323	1.768604281612535	1.7712772131654324	1.7724336846804531	1.7729652219939906
1.7811214978293135	1.8292568275311576	1.836916135895185	1.838183086229931	1.8386163331636032
1.750664291908405	1.7924650205066266	1.8013247647537753	1.8037123306295855	1.8042256653721984
1.7735738756798816	1.811907951240559	1.8170300334168792	1.8191874715817888	1.8198626639158522
1.7026938086448726	1.7402882414355305	1.7506982988049422	1.7554508166504523	1.758875138309426
1.8209099291594408	1.8676129220083704	1.8862557787423282	1.901388233282448	1.9110305944201036
1.7317644582797167	1.7772706525912838	1.7833781354170248	1.7841306009672318	1.7842295681608578
1.83234487050213	1.867560814073749	1.8729419738637063	1.8739452754860444	1.874153932589258
1.7141786953872067	1.7495944369638123	1.7579103866894694	1.7625169987119964	1.7664081241954872
1.6960862068543903	1.725905852078866	1.7299798102280652	1.7312846474052566	1.7317199958160294
1.6781300522359774	1.7019410238060033	1.7035286593696821	1.7043537879635255	1.705493014029447
1.7865024091124782	1.8170038893602825	1.8209961162726827	1.8233272327135963	1.8250452838907976
1.7347348317011841	1.7799602774161067	1.79630933393127	1.8111053592995678	1.8207515595648534
1.8137965158800016	1.8545047864254462	1.8626462678414635	1.8652883446036628	1.8656806686954357
1.791003715261189	1.8471776986516362	1.8608165476182006	1.8636273568828086	1.8653322293992352
1.712621681207673	1.756819124653982	1.7655973439522128	1.7673306539630478	1.7676444644439822
1.7735926927115144	1.813568369756575	1.8185648505010892	1.8192416628327432	1.8194597738811937
1.7186443916086098	1.7518915661012524	1.757182361155332	1.7577552291186154	1.7579337704279878
1.7957975671582924	1.8247291812127353	1.8335185138059058	1.8405723006859285	1.846274021157606
1.7736011198205102	1.8164878411237542	1.830771166862777	1.8342153323736043	1.834860688796831
1.7361431512629537	1.7934512690057556	1.8040118856833922	1.80608287292922	1.8063458160705383
1.7193268884552466	1.7673075458838474	1.7778609049738467	1.780166818594163	1.7806350158530302
1.715818139803378	1.7609881434125585	1.7730478459603056	1.774981627074619	1.77541902063029
1.7853545640445578	1.8325871834425043	1.8594851569983122	1.879870438008477	1.891674534476869
1.7616686046923826	1.7979511426162802	1.8079693601969429	1.8121180593634791	1.813846754726308
1.8226066026445604	1.8674193099926155	1.8765019307012785	1.8788883129429164	1.8798961015405176
1.7387004511079245	1.767526525009507	1.771324841353382	1.7719759439806193	1.7720768007085914
1.6941852993352744	1.7373493197628125	1.7486636869429497	1.7507781902078032	1.750975670937518
1.7755043111004276	1.8094401438236705	1.8212862621159338	1.8270988114664324	1.8294873905317173
1.7846340664908347	1.8332315631359428	1.8449431794119864	1.8492663193761865	1.8504009152766705
1.7500500053175139	1.7846803528545925	1.7871641426907585	1.7875712801487218	1.7876519205504053
1.8061020569134973	1.8480308922031228	1.8548191743507838	1.8562155330849492	1.8567836703764253
1.6815099500257158	1.7134981246342535	1.717976435608611	1.720818093108441	1.723136603482324
1.7904662947948193	1.8259964907780406	1.8333204611792813	1.834933734681892	1.8355384597955418
1.7884774279259368	1.8251345596746718	1.832294374757218	1.835003599935841	1.836719188586026
1.7160694335837992	1.763974222001688	1.7724999190043071	1.7736014019020219	1.7740504275425633
1.730112975137655	1.7785596518825892	1.7971201052753571	1.8034002481375042	1.8044067034948033
1.7646015181427523	1.8002903176232665	1.8039212603319763	1.8043444395445791	1.804642040917577
1.6785749494558084	1.7321206405341012	1.7444481031811214	1.746944620328726	1.7473073307298408
1.7190044706181566	1.7619456743861635	1.7670431517021	1.7683498114387108	1.7691384669069736
1.7406446959016537	1.78153010292537	1.787661817610314	1.7888032621610304	1.7889007589189663
1.7312494319291785	1.7721109200581007	1.7787416767434228	1.7802963276429098	1.7805974973732985
1.7367525358267635	1.7782185067479426	1.7884340754956534	1.792112950167181	1.7933314971279068
1.7703247959966928	1.80131740424509	1.8063868431247185	1.8089635373934354	1.810168474291569
1.7161452488633309	1.7613739203064656	1.7676443408158573	1.7680524898666787	1.7680855516801741
1.7133447199052676	1.7478690656847797	1.755667101122649	1.757915089583737	1.7582084444399761
1.7777814480701568	1.8379850487530411	1.8572212699440003	1.867127716505399	1.8720814176930682
1.7140103567695197	1.742461804572773	1.7465849265382434	1.7473921022026164	1.7475227819041423
1.7121583221988308	1.759235256032492	1.7690896372277138	1.7770663853758206	1.783639106567098
1.6709952040543405	1.7196537824165	1.7286313492236285	1.7297029090398863	1.7297414881555466
1.7714697073909722	1.8140278191723889	1.8246921540089793	1.8271630668158099	1.827499744225709
1.829524117472305	1.8774403828510926	1.8840125126523442	1.8866940927862654	1.8878147088344506
1.8037366044470793	1.8551117817344767	1.8631030018224737	1.8656534774531002	1.8672826908204674
1.8289081862938525	1.8625047283215874	1.8700164741285725	1.8730757057190814	1.8767443261440062
1.7181952864209316	1.745958091482131	1.7552215071711417	1.7628247099607706	1.7681302450137715
1.7513689036929503	1.7907423056427856	1.7969771961172185	1.7983090237792045	1.7985403747696551
1.7550716081315345	1.8092762188349896	1.8283968794328613	1.8342379094065921	1.8354154946342052
1.7649773791972883	1.8146180236642948	1.8209500335359012	1.821626380622338	1.8223898368405633
1.7343717059702268	1.7745582321409845	1.7801272859852877	1.7807729659708087	1.7808296664286283
1.7702934194527638	1.80204145966567	1.8071469865021295	1.8079475149865514	1.8081276765955185
1.7120668104845487	1.7632682260571801	1.7763255688073953	1.7827617854307851	1.7855554509237068
1.7392070274306666	1.7806967089689172	1.7981533325674774	1.8058524169832422	1.8067540931067299
1.7653776983392326	1.8125338855616655	1.8210059674396657	1.8239076879353624	1.8247208503233632
1.7435847790153989	1.773658700336483	1.7779796726301766	1.779624501593552	1.7809150319123628
1.6775415688623265	1.7194940490507742	1.726457438858198	1.7273431487519941	1.7278364427807194
1.736410422517166	1.7730124914441134	1.7762424917794328	1.7768934448704832	1.777310198789259
1.7627817261091994	1.8028721514966162	1.8138901342472258	1.8194276982307378	1.821690103387163
1.7750791509374855	1.8119206516224569	1.8191264027546283	1.8230278621930722	1.8249332242260448
1.7031216628059584	1.7494585028286418	1.7603315904381343	1.7631964396016298	1.7647352420640126
1.772742034024834	1.8203667355289799	1.8314828485037553	1.8341406075939621	1.83488760998747
1.7663191207389535	1.8154801754415302	1.8263736833799236	1.8381385728448016	1.8477780922657459
1.7912208159309315	1.8312768489617923	1.8376168685012104	1.8401014207420758	1.8414651869538086
1.7553149370043644	1.8074581408646104	1.8233321890441028	1.8299461273920001	1.8319709940128723
1.770543451074139	1.8065690526122808	1.812797475480568	1.8147939590140605	1.8153108236331559
1.7725614010112738	1.809186776641848	1.8168264184426113	1.81816950157852	1.8185431017901743
1.7806130099742843	1.8298251933814353	1.8483678684733602	1.855269431566675	1.8573800439563024
1.7500336452156364	1.79847907829586	1.811801528928306	1.8157154758443759	1.8177756554497482
1.7406802481271595	1.7874204550520685	1.8011205635402758	1.806879573020899	1.8123435123386005
1.7193342627614516	1.762552932551065	1.7774600464456771	1.7841752272626905	1.7876754835739939
1.7342070998082677	1.7701826016673317	1.7757631041010906	1.7773337143113066	1.7779377797484268
1.7301439281159776	1.7795284424062998	1.790060855525246	1.7920818948662338	1.7923302232682004
1.762999080614568	1.798661441716617	1.8080239251157348	1.811822752627451	1.8124412754482329
1.782905799154113	1.8211334761322284	1.836678149658327	1.8478000637145722	1.8562533990072496
1.7491001010017653	1.7866964868083932	1.8018824585665525	1.8120021481574073	1.8160452787196242
1.7813237644495337	1.8203405355332571	1.8244477713471852	1.8290335956466113	1.8341010781431866
1.735528346509899	1.7685116707148485	1.7772770061330732	1.7825258523724568	1.7863900413860108
1.729059395413134	1.7684164300406606	1.7769091665419632	1.7794658797384229	1.7797625799323107
1.7568689212595991	1.7996783574081388	1.8110683870930195	1.8141262039238992	1.8156991206565056
1.7586659344339963	1.7982730830485336	1.8035168121422882	1.8047840942377562	1.8049840444493417
1.7605055828925555	1.8065306114978734	1.8116596196733343	1.812044465088166	1.8121030724424945
1.7582565644496164	1.801584113368756	1.806975091167385	1.8088486725515713	1.809362306541597
1.7800072015083184	1.837472970927741	1.852494488000724	1.8562949222386862	1.8570580226249664
1.6397105549473594	1.6827089328272975	1.6937377618787455	1.695931719419722	1.6962494142567113
1.637706242675647	1.6954951963076625	1.7146362965715702	1.71946194311557	1.72087065166253
1.8009621386205237	1.8471798458504274	1.8636088140959728	1.8758329964651903	1.8849883402332037
1.8213663930770128	1.8607414598990195	1.871065535929686	1.8753004481617859	1.877859698141625
1.768697714395917	1.8076958370281353	1.8113146386509615	1.8115018774240665	1.8115048930264748
1.7704153453228246	1.8060338158110452	1.813496749617986	1.8164777604321918	1.8169447980444648
1.760991393233654	1.808558434061064	1.8124873026063286	1.8132032629781694	1.8137984969776006
1.7785881411075406	1.8213123929148796	1.8295693430116615	1.8305505817147403	1.8306214155865772
1.7465235884799146	1.7955245212455322	1.809192529722943	1.8131045043152434	1.8138123638390142
1.7084293739723364	1.7380462310659668	1.7456348327839994	1.7510457441752796	1.7538154479042856
1.7197529061137242	1.7593113179404911	1.7646689060103335	1.7655162290438275	1.7664179576574897
1.72980671915329	1.7751323407730466	1.7849948036913474	1.7889666300449005	1.7897469841684934
1.8260295805733187	1.864875427818169	1.875953547008754	1.8816507572807641	1.8845988528870254
1.8468548708178534	1.8947320027325765	1.902223299365661	1.9043702730873397	1.9045824544239358
1.7932227013628	1.8278349239632503	1.8327887590627936	1.8336996812387112	1.8342103644815244
1.7904016307513482	1.8268305850186712	1.831287489989928	1.8326476082469576	1.8340576049578268
1.8062504582398042	1.8611362144117212	1.8685707923074335	1.8696397317102906	1.8706511282305787
1.790494739967963	1.8262135089271518	1.8308343848948365	1.8314337882304288	1.8315504158775657
1.7298324181012437	1.7668897900554634	1.777108781569692	1.7818849888804138	1.7842531115499982
1.7800437088063423	1.8145108855903407	1.8257563491540363	1.8320251199053974	1.8358786331453352
1.741007904397896	1.7738693152946072	1.7783052632123835	1.7794400567856512	1.7798203679108175
1.7179670585068247	1.7587048456324625	1.7668267529754633	1.7681307975514358	1.7690020247117877
1.7956360904823867	1.8228998919561386	1.8251914109913232	1.826083566004893	1.826931856609274
1.7805075338306502	1.8190632828745126	1.825772624746763	1.8295574972452138	1.8318902062433138
1.8236717027173242	1.857397822755484	1.8645202417724465	1.8697043944264609	1.8732025582684502
1.6367628413505213	1.6691519863418496	1.6729300829821103	1.6733573935716775	1.673709294811298
1.7443438266668938	1.7951974097486447	1.8010987633510802	1.8017121757952335	1.8017832688592228
1.7581228943962186	1.795642217601148	1.8003715826208597	1.8013840488765815	1.8016659787539724
1.7786778061020867	1.8275391803120065	1.8394097395661522	1.8419502458843648	1.8430362909564717
1.7597945136594646	1.797672645189576	1.8047768320530992	1.8058650410880193	1.8059350331722277
1.7348643419470091	1.7744386917551132	1.780517526308081	1.7813352166036742	1.782703188995058
1.717580659700212	1.7539089131585495	1.7629761190471809	1.7667168187959297	1.767861935479035
1.6541578945371664	1.6931918495149347	1.6985447233322286	1.7000564507988853	1.700472907972431
1.750729637365147	1.8058889002124914	1.8223235470158095	1.8262225378190973	1.826427505062529
1.7347010034473964	1.7677104315813037	1.7719636805287964	1.7732333440526142	1.7739678264373537
1.714670511997701	1.7496393812558158	1.7532516518379124	1.753660062084567	1.7537195150997076
1.7621276195089757	1.809264370602094	1.816734178173278	1.8193111139683933	1.8213446708723757
1.8198093897667094	1.8613199457961551	1.8705347869353843	1.875476660378848	1.877934150051425
1.8255849885763886	1.8674935706562297	1.874148649922522	1.875537502651983	1.875667663822258
1.7312260630607235	1.757624446900202	1.7614465531270465	1.7642220719775807	1.7672080953028466
1.7902705859666022	1.8185820078677322	1.8214669769838105	1.8227742205746735	1.823618753178536
1.7474088856303225	1.77821680820371	1.7841930093111855	1.7887182053272124	1.7919494512291905
1.7703504165430763	1.8151162384756625	1.8267025095173477	1.8300487785927557	1.8309891863126397
1.6502751362828056	1.6861018035741582	1.694381481651729	1.695944500980555	1.6964137411144498
1.746366947758516	1.7787910731263807	1.7832480465269105	1.784213060902438	1.7854253662488282
1.758592340892702	1.8007218134161718	1.8100002308072183	1.814746467094248	1.8172936980328813
1.686613670617373	1.7389913155661771	1.755304671620477	1.7643079212658634	1.7725352484371069
1.7025119099797597	1.7374929049473764	1.7439390699568076	1.7446170642230046	1.7448063477594333
1.7176621365996088	1.7497634933075643	1.7612234233456612	1.7673499679476719	1.7690889633971307
1.869536610691591	1.9101384284389007	1.9193958811724494	1.9221204184087461	1.9237450297099845
1.7753268506351212	1.8152299581363553	1.8210019111260236	1.8231075938946613	1.8241943168814196
1.7949669107487312	1.8342432515341505	1.8408625308786963	1.8424197930533186	1.843126452860468
1.7561968804931622	1.787154176795067	1.7923331110352378	1.7939579609891207	1.7946992601864928
1.7276476557791924	1.7605509011721039	1.7643376867083669	1.7651874081319716	1.7653980460631924
1.7720640885955476	1.807732869721518	1.8118512658698491	1.8143617002353352	1.81723940322173
1.755082318932777	1.796714386941262	1.812689148248355	1.8219904250959638	1.8257189407131524
1.7457594390798725	1.7806655351134029	1.7879710404574984	1.790442264126271	1.7919414962193356
1.8142283497802376	1.854995819227881	1.8667916815927328	1.8696891037848182	1.8701453424603522
1.8023261244025728	1.8484139682374305	1.859528500594276	1.8621759545999625	1.8627570308919834
1.716197841561032	1.7555407884287693	1.7620353734144723	1.7631915767700999	1.7634534156163748
1.7409735337040853	1.7880282909958316	1.8034739591509443	1.812836324313417	1.8170029924745892
1.769788763535595	1.8327947521473882	1.8602425061227377	1.8794250086915998	1.8910091104402422
1.8304016868692177	1.8770774108058252	1.8921724447062993	1.8973587937301144	1.898682894324641
1.740444492754157	1.789163941547751	1.8029932899164849	1.8061645407153448	1.8065456632731403
1.7713481775901565	1.8275221454930037	1.8411103223849348	1.8429183807530156	1.8432074463132908
1.8443454814235636	1.8932007384045502	1.899762052921616	1.9023867640178607	1.9045473228782566
1.8062676012466337	1.8542612886102738	1.8611782727488815	1.8616628273017597	1.8617090858787533
1.786821311445198	1.8401405144206096	1.8542875546802318	1.862237753871773	1.8671432892945892
1.7119121704512212	1.752898042287052	1.75848541100703	1.7590811755614768	1.759193816545855
1.6266870216250724	1.6663783230553688	1.6736762490218817	1.6757563933838433	1.676082876791262
1.819708778537988	1.874947583709629	1.882584492789222	1.8838962472184768	1.8843871888528079
1.7529814815615479	1.8055695306600195	1.8193537409149108	1.8228363377178793	1.8245365822928468
1.788142891548625	1.8244528677674745	1.8273566452799745	1.8278552920606572	1.8282998905050638
1.7744035806904914	1.8274934108829612	1.8375253359409718	1.8388685543318046	1.8393087808372615
1.770601832019558	1.8177583658331677	1.8263511558538252	1.8297327590875028	1.8317765212023396
1.8032293448529406	1.8446286473163567	1.852756236165495	1.8537968719803177	1.8538499809612927
1.8746342772140614	1.911125735059728	1.9195749549504382	1.9221549228089299	1.9231183868048671
1.7212841418866056	1.7591754762733547	1.767345098366357	1.7710477977341275	1.7734422213555596
1.7294026199654229	1.770524065727306	1.7770607197636439	1.7778947051119351	1.778640512868548
1.68051157409437	1.7223383367910836	1.7321654092466894	1.737237937149911	1.7402903084352983
1.7972140022601526	1.8378850134860538	1.8431512375482342	1.844935475548404	1.8460894784746364
1.7648680655990687	1.8063094162495423	1.8133911150542408	1.8168591221999102	1.819692532263631
1.7546258041866598	1.800213988796521	1.81221460854049	1.816599808592119	1.8173882363948413
1.7059916643582798	1.7555810993511525	1.775050566033384	1.7844381198018526	1.7867332389745068
1.7402418571408642	1.7889226219560923	1.800142932361447	1.802608802479547	1.8028284181122969
1.7657480972780897	1.8210667772882834	1.836491024650624	1.8396388479552779	1.8404158499284284
1.7492915876777655	1.793858208429617	1.8058174440349912	1.8128884408643031	1.8159156578741285
1.6735473567429908	1.7406296231119347	1.7530116703519145	1.7554247130303517	1.755658687255721
1.7538362285326397	1.7899990557519294	1.794500726998114	1.7955987734444538	1.796591683713471
1.7517396417449427	1.7960457991929044	1.803684164355683	1.8050308970419076	1.8054283926567023
1.7346121919339115	1.7781434002313816	1.7892750504240458	1.7980509287457564	1.8027269696984929
1.7432890593508346	1.7817705471753142	1.7862925334160156	1.7881835814579883	1.7898670604450184
1.7329685719245642	1.77392004782551	1.785367298363251	1.7885702987392684	1.789507790654636
1.7029331815708308	1.7385632689816395	1.7436982195378223	1.7443131021369052	1.744533875934438
1.757910771550735	1.7902560035279556	1.7940130702782577	1.795128524372396	1.796820776029327
1.7678400735223578	1.8187227503878116	1.8299471229656727	1.8357107756640763	1.840074722448376
1.7977720259783836	1.8365614114311073	1.8408128905659136	1.841354060554888	1.8414035206117487
1.797578331277519	1.857087104480188	1.8777172505557316	1.8829813963481998	1.8838437288010008
1.7368011762203786	1.7744450544989439	1.7918180058518902	1.8029879668367959	1.8104441483049347
1.784634708871427	1.8222940548465574	1.8272485357003143	1.828694489645714	1.8290603475631788
1.7160182620976892	1.7684674961825335	1.777371305836473	1.779975946476858	1.7808575921626977
1.743763289135465	1.7803153712187716	1.787060665133406	1.7884258331604508	1.7892619376408865
1.7052142883551202	1.7514185997837217	1.7565595530493425	1.757069679286614	1.757283641710944
1.752148695713697	1.7901918126295402	1.8109190333256475	1.8258906135575612	1.8337464108726758
1.7808353365337561	1.837961160775247	1.8501086656389842	1.852253583670058	1.8524006526539711
1.7703088725943572	1.7992570645080896	1.8024753250503802	1.8033921239671653	1.8038017209320054
1.7416614183079877	1.7761185735344127	1.7823862280428175	1.7851253506627158	1.7858212062228511
1.7539766138230255	1.7842073062345187	1.7864024209683729	1.7874265303712726	1.7879369280664306
1.7587184057677523	1.809902035233145	1.8195471593681678	1.8208567732034067	1.8208372187111554
1.7589052549633826	1.8118751913964157	1.8281723127380478	1.8338113928278252	1.8352530849072664
1.7937437891093464	1.831941635187407	1.8422354243044317	1.8455036116072436	1.846502359687357
1.7791517870875797	1.8079474369384827	1.8124394218328115	1.815511706938389	1.8172000188618664
1.6941166688166875	1.7334456374469007	1.7393453038322113	1.7399396475943805	1.7400326131638715
1.7237007812526848	1.7542327384701082	1.7598014694924793	1.7615715595141197	1.7621961649079163
1.7464190186400366	1.7786961548871656	1.7852088851364851	1.7860571953796824	1.7863282615080789
1.7491772816019202	1.7836820661059685	1.7908274457568318	1.7921068399135374	1.7923459726928472
1.6653255981964639	1.7152013012405976	1.7305537671756417	1.7407422546299602	1.7468593656945863
1.790066186910394	1.8295816499746984	1.8333084830964486	1.8339512275396235	1.8341856802050953
1.8163654974198602	1.8726938796151675	1.8836017132943528	1.8854748891986362	1.8871044123199012
1.7092140062101353	1.7454876198808011	1.7532048395218562	1.75410080843148	1.75434107833114
1.7863846976149034	1.8168150430174501	1.8199174946943129	1.820532397009965	1.8207371576880276
1.828384750309774	1.8792269911077002	1.8991644631024527	1.9093988214074977	1.9131374429497527
1.7031696286619082	1.7369696150730443	1.7436947455709746	1.7471083244565442	1.7497296542585146
1.7476817394712216	1.799523867640633	1.811857785407347	1.8170473215754726	1.8204292709252152
1.7432104256070122	1.7863103139330365	1.801397743154085	1.8090204748182142	1.8139576608924646
1.789570684505384	1.8282917703449992	1.8377182250074862	1.8422308626806079	1.8440684405874848
1.7512339282676241	1.7871454295954083	1.794194049464743	1.7975842154761756	1.7995306492667433
1.731929278311554	1.7632196320764968	1.7687716350210465	1.7704263827344224	1.770794348125786
1.6870136515384433	1.7304656353614223	1.7422327484171913	1.745366102108582	1.746361468106679
1.7335665776526827	1.7691114849193914	1.7739581066878605	1.7757062556135603	1.7769819728861904
1.738381382194644	1.7774772289495304	1.7892499118064358	1.7941255404240182	1.79564426826461
1.7773793473889774	1.8158335282807794	1.8254123878701223	1.827623686556241	1.8278172831593766
1.804386521145771	1.841765136382967	1.848162056151003	1.8502800876904193	1.8508472152346818
1.7101140800611108	1.744528109106831	1.750774089886757	1.7528827938705671	1.754024432725229
1.7342562835862334	1.7742191559353029	1.78627691252237	1.7929128086765629	1.7951230929920399
1.8051555842774918	1.8449524960983061	1.8519341437006658	1.8531081779706606	1.8532787943551368
1.7896605612780394	1.8316387723668694	1.8497240005674471	1.86105987523187	1.867671128887786
1.8114099407727187	1.856128249221008	1.8610459113883877	1.862425817405295	1.8633611981281795
1.7350111979912193	1.7898444052458546	1.7979297795479703	1.798825050784278	1.7991423196213836
1.7017710973347657	1.7415104717145486	1.7542630253565958	1.7642560718992186	1.770803380860357
1.7825754351209055	1.82245343560861	1.8314093147686223	1.8351702793107798	1.8360928322011152
1.780371029931487	1.829336499509226	1.8418650448680562	1.8445109719267656	1.8452263142879521
1.7344881262068101	1.7776463193234013	1.7855994563231243	1.7873931675201626	1.7877023244698385
1.8024224435717207	1.8433584111457098	1.8499110432853583	1.8527003985373	1.855312963487432
1.7678746175250293	1.8005192225530713	1.808027810838573	1.8102713939203228	1.8107054770553532
1.752863265694713	1.792881460370723	1.7978100204749552	1.799274992019193	1.7996670134894839
1.7869663696410505	1.84060722641888	1.8642072965770813	1.8800967778385895	1.8874960802531764
1.7774912904170401	1.8152748900132791	1.8252719356864555	1.8296973295278114	1.8318832697936112
1.6643101015667818	1.7107826776724866	1.7216265946078604	1.7237204872039091	1.723988395680295
1.772442969264956	1.8280337199872516	1.8454664790547577	1.849335250895463	1.8499596021105806
1.742824896777033	1.7899273233008501	1.800589414818922	1.8033989702865902	1.804576022718035
1.7384485807966708	1.7816157127780374	1.8001343702914225	1.8109359910205394	1.817281958212399
1.826092254738629	1.8627765457049466	1.8672654920130864	1.8685187127345855	1.8689240591292275
1.6752600467897083	1.7319997275244394	1.7414968531586608	1.746771015354414	1.7495860568055055
1.669307818581974	1.7079549571271606	1.722061068528434	1.7286745355714108	1.7306048579342772
1.7908553503867284	1.8327807851534674	1.8388664942962105	1.8400304395023277	1.8401899111801314
1.671109734871444	1.7105370253503478	1.7198787542925262	1.7225114484030541	1.7232484456071941
1.7782406101578538	1.817925838640747	1.8234300777817363	1.824367690733146	1.8246225436549877
1.7026240494829528	1.7485816792620437	1.7558302200504943	1.7564541051460456	1.7567109531600984
1.7379574481223463	1.7892015722728287	1.79769205482281	1.7989158552317903	1.799670212970519
1.766774424570968	1.8029408011960044	1.8087874194596676	1.8097281462865333	1.809784006985233
1.7716977768972475	1.8133804596063734	1.8210268175501934	1.826810700440101	1.8327186096831638
1.8163240533298606	1.8553575808408778	1.864033262588657	1.8677237355860474	1.8701990773067265
1.7042263759137177	1.7516721582488752	1.766662718460486	1.7722013236322143	1.7730164516012268
1.748938028741768	1.7773181471606454	1.7807435926019761	1.7832198942248783	1.7862002944607072
1.7693570996266001	1.8108944256709794	1.820963128996701	1.8257294582860641	1.8273958864628614
1.7523589342965915	1.7909936888696647	1.8011379788559576	1.8049093857291933	1.8063469489375583
1.7107504693430438	1.7568747568080325	1.768557133160079	1.7721722083278997	1.7733513089954493
1.730870687071445	1.7754278348615138	1.7847110006268312	1.7874177571649779	1.78810105691115
1.748760441926657	1.7830660964122038	1.7938344761963054	1.7969273790906244	1.797553604684254
1.7066516943114665	1.744293524342738	1.7497379444094017	1.7518043894517066	1.7532124049777476
1.756168785215151	1.8043523153251626	1.8183125535210731	1.824807895782355	1.829825160282727
1.7232930558212898	1.7659590739897026	1.7805087559387616	1.7894324833538335	1.793709924398063
1.837768147032605	1.8875509018607397	1.903726305517594	1.9100324837794833	1.9123002957254622
1.7605670701912388	1.8150242057595005	1.825529488326097	1.8269296045626144	1.827485663422782
1.6551975487421688	1.6975635746952544	1.7048076517533048	1.7059371054162622	1.706019935652361
1.8547793586343797	1.8872000612403113	1.8918129229110818	1.8923515100059785	1.8926842082743622
1.770229071812472	1.800820713069673	1.8039485901123355	1.805712001888766	1.8078271686635177
1.7889606802481468	1.832663303579251	1.8434284271776973	1.8469323584038073	1.8480143597945973
1.7465066647261278	1.8010835485643848	1.8222838125788456	1.8290590115372398	1.830261142234454
1.7878799110876678	1.8270662445904937	1.8400542149462713	1.8482341995716236	1.8552373319528936
1.7548197999386743	1.7978323742130895	1.8089334502307688	1.8127178137475541	1.8138587258871044
1.794959527991999	1.8402229440439826	1.8486463947226655	1.849374997996669	1.849803379892612
1.7719630520645482	1.81640167892901	1.8232917273081923	1.824083557014826	1.824276514242604
1.7149738608749987	1.7553040855151376	1.7609594272353137	1.7614387261353612	1.761512559987146
1.7331757799517056	1.787794295365014	1.8042062499190004	1.8096185530819564	1.8105656913767567
1.780661047870649	1.8238085884058894	1.8328094019472065	1.8340347683003353	1.8341594170558355
1.6624540078438692	1.6935107257757887	1.6984714268685788	1.7014095212346712	1.704588725096572
1.7596824766648367	1.8078414310115547	1.8174750007564524	1.819559058805992	1.819838790851673
1.8115813856623553	1.8520707097055895	1.8609753836153509	1.862292814310256	1.8625690624993079
1.6619860093794225	1.6948217604678546	1.6995940850161415	1.7005647794506984	1.7006245882948483
1.6808011893160852	1.732096728231166	1.7462589450052897	1.750421162259573	1.751192365270969
1.7693929486653706	1.8126345542990017	1.8235181298392593	1.825222198394583	1.8258624251326185
1.7505023950879035	1.7916263751378438	1.7969273936531072	1.7982488302738568	1.7983288248542495
1.7769859947371114	1.8232439178903017	1.8391269146887896	1.8505270237846967	1.8560818017046097
1.8484409615601802	1.8959164392375527	1.9047041855990032	1.906651880191735	1.9072997742700915
1.8286113442329324	1.877056828032291	1.8818552528905594	1.8828660958392271	1.8831144640344277
1.724829508739822	1.7642394624910032	1.7684430611338728	1.7686512399413463	1.768808231211288
1.7895894416616427	1.833535836268304	1.8451406935369643	1.848350076081947	1.849436756466793
1.7455925509357364	1.7946828967010038	1.8046370063329107	1.805790078983654	1.8058527124837642
1.7571011981362976	1.793106574682778	1.7977939063352613	1.7985660719170153	1.798662480530565
1.7063542822491478	1.759765403359129	1.7849286567408245	1.7932840914107127	1.7951525451612262
1.7342753699716493	1.7761551138298677	1.7864723175515593	1.7922611021493247	1.794908766779437
1.7757899894195521	1.8116146780725269	1.8183495760514912	1.8197117680781962	1.8201887449405991
1.6903035811235547	1.7421263648577725	1.7557618299084763	1.7603869984406617	1.761442775069397
1.802575589968387	1.8436706805452552	1.8498612787639048	1.8508705134119496	1.8509871498490942
1.7564750325055596	1.8010117308755356	1.8070760242943302	1.8077447750757267	1.8077833670047758
1.6927554012524437	1.7342761057825962	1.7471890795102107	1.7519775869535732	1.7533248703920132
1.7668465921472543	1.7916034678298982	1.7961941109886648	1.7978347991290418	1.798376483966871
1.7867881436003286	1.819472769997895	1.8255339952093728	1.8274684717227407	1.8285075923842224
1.69235916804289	1.732344421588495	1.739215051731726	1.741365720727694	1.7418853833332544
1.7773475695182661	1.8081550718029666	1.8135745852945633	1.8163012145843491	1.8187567706010364
1.6857282375538793	1.7162817188466335	1.7229854687460093	1.7257225263475775	1.7275011484589142
1.7798602919428872	1.8383462981337817	1.8504461645102603	1.8542006720272584	1.8556161256666974
1.7897807153373917	1.8318267630285339	1.8420940320328538	1.8484536792907666	1.8520935465849933
1.6913738138632715	1.726061486125358	1.7339587426735878	1.7400419646971046	1.7447647409262514
1.7967051173401463	1.8605104914971806	1.8774163561798314	1.880312268468147	1.8804947512561325
1.7490944456353728	1.7953500357161314	1.8061471488288612	1.8093585219758144	1.8103042323051108
1.6943692542773476	1.730263554420217	1.7414573578687773	1.744461111848078	1.7451121816418642
1.7277613397722498	1.780083826772351	1.7933411479954964	1.7956297199383995	1.7958894625028057
1.7537831266905275	1.786066606558015	1.7905550443652956	1.7917453597758044	1.7918708400361532
1.7175442084458452	1.7569758024030424	1.7688488917321223	1.7728609015398447	1.7741992049454642
1.6362757644218986	1.6701132083407193	1.6777836614918933	1.680976262523324	1.6818117165307696
1.7172777069141154	1.751181499406699	1.757288001067964	1.7602354786402026	1.7615985027487928
1.7161348807235062	1.7595122277501765	1.7681065773875835	1.7709249394176252	1.77191297389624
1.7569670550825218	1.7848061192726068	1.7880494569985756	1.7893578319403494	1.7909266069416234
1.7935229817153673	1.8370975577481596	1.842847548496841	1.8441957157970323	1.844490294926383
1.7350905608476854	1.7719054599605557	1.7786506502849748	1.7794269158481593	1.7797676103450242
1.7726239205667926	1.8152974642933222	1.8268590833410563	1.831670020448097	1.8336908436610866
1.7272082287068997	1.7833615222252777	1.80951425235226	1.8189304632547174	1.820405730505574
1.7643658635219572	1.802795126161236	1.813194672489253	1.821024734493202	1.8261754017106047
1.6788627589925014	1.7014764944633565	1.703398666252577	1.7039127596285137	1.7043677913397497
1.784682778779922	1.8195138834250828	1.8257143645702516	1.827287695776633	1.82791815003966
1.8394625800151452	1.9016542431581491	1.925659232076204	1.941696126905946	1.9504518644797262
1.730001211944914	1.7780282714501596	1.7922569459113475	1.8006276071550504	1.806722404529922
1.7410121886786842	1.7779894590802816	1.7921281581827582	1.7964764033183416	1.797043283788915
1.8425684884038476	1.8809679197093407	1.8839213778923791	1.8843188619066702	1.8843862700203238
1.7860714200778278	1.8284004164848597	1.8339679925362558	1.834911563817866	1.8353921749519877
1.7436324452179064	1.7812231745162423	1.7860127455125043	1.7878350318624248	1.7894040609969546
1.7230505931476405	1.759401065036449	1.7681440206963748	1.771860851333008	1.7738297563661853
1.7751107589194814	1.825667115270218	1.8389784630872663	1.8419497700763443	1.8423615852930568
1.7035645333702978	1.7422573759133817	1.749638533248446	1.7513737068077597	1.7514046403026977
1.7746047375804166	1.818034158773106	1.8329857951756354	1.8410664298856672	1.8446940047363491
1.7185994716399764	1.7535596644757323	1.7581885749938977	1.7589183945725289	1.7590192089828551
1.770954849062645	1.8114012131907753	1.8212898263551163	1.8258831127205941	1.827141355180133
1.7217358023059977	1.757821785902337	1.7628457993942643	1.7637630247488858	1.7641760157512667
1.7787992500849288	1.8339248265689434	1.856706638154828	1.8673085286302207	1.8723819723352813
1.7229089660031522	1.769768150254601	1.784944451453786	1.790527578747537	1.791422877269169
1.769547406010251	1.8090928878408212	1.8111964288180855	1.8115107965942634	1.81201077082587
1.7834777160999735	1.8155338481452432	1.8207808058138033	1.8226590827833584	1.823338954765903
1.7568720789009726	1.796495530725569	1.8038542769526087	1.8083441074475235	1.8121335508602168
1.7616159367821116	1.8086520957745804	1.8179503588386625	1.8199054689562946	1.8203971390892508
1.73871380528516	1.779742019019209	1.7885005331815456	1.7924808628055755	1.794491395494747
1.7247090591745267	1.7625456797816554	1.7685250969861368	1.7710100578609727	1.7732350679813589
1.7305559466625176	1.770056958849676	1.7809062105793652	1.785500162970824	1.7874794975324324
1.7470210513962638	1.7922890000505642	1.806972353127808	1.8166588246057902	1.8215369777331671
1.7967687235964265	1.8545322678870146	1.8608330299477098	1.862266081223945	1.8631774573856659
1.6921852360994554	1.7296443273860083	1.7363823771222289	1.7371562819891189	1.7373798567132384
1.7116147374445796	1.7622048945569984	1.7730257919998	1.7749762485161193	1.7753279897612662
1.6785941033254317	1.70437178384569	1.70816859620326	1.708684883744042	1.7088435378005775
1.7674153368302221	1.796435982496481	1.803294280544477	1.8065932103673479	1.8084530517657846
1.7297981435289607	1.7693281493489785	1.7744754413356034	1.7757358773515142	1.776050710773118
1.6675562959660013	1.6963056873950217	1.6990035155045853	1.6993629189964676	1.699536887154376
1.7839368277845953	1.8455903313253021	1.86571984059922	1.8696628955173646	1.8702105492864927
1.7345336678955248	1.7888957947432182	1.801441363155826	1.8043296779564502	1.8052334251377353
1.8244707812308048	1.8679368843491577	1.8764312014491127	1.878480848524527	1.8790233430434595
1.7691846204389787	1.81354933614238	1.8211471907851406	1.8224332587434	1.8229121051771724
1.839048267909036	1.8954587448616098	1.9129691200400982	1.9290297190215384	1.9395945635551002
1.8218977609518716	1.8585955182637603	1.865791168900337	1.8671451618182087	1.8673763467517885
1.7049728753513844	1.7452668937213474	1.7556790542603615	1.7609596391240319	1.7629686607892199
1.8016459723974263	1.850900826594321	1.863101233304642	1.8659972376174707	1.8664602921244955
1.8224190837049665	1.8562835397492745	1.8612125747237922	1.8665156726296104	1.8709146599454003
1.7249638369144489	1.7688001581828467	1.7769235578962608	1.7788036230905802	1.779198281110945
1.7579309219645045	1.798686661348253	1.8086867188854887	1.8122542319828232	1.813516867720975
1.7335359022695334	1.7810869574939545	1.7883534371537302	1.7903285116478909	1.7918227677525178
1.8305098230382963	1.8686900384133194	1.8775171857485033	1.8854324405173215	1.889431251184889
1.6976376542332068	1.7455015529136533	1.75375214966512	1.7543573083535284	1.7545917977548318
1.747305599958281	1.801076019107919	1.813350010027506	1.8181969771437005	1.8197529911201065
1.7492803513003468	1.7962492601538242	1.8044603987263226	1.8061298704541602	1.806821840032154
1.835244190455567	1.87504230921026	1.8815471175772387	1.882994988320284	1.8840347391981285
1.781462053509732	1.818004439776516	1.8212248288036033	1.8223481470514389	1.8251924792969236
1.7441342736829057	1.785218050591169	1.795338123246624	1.8011284521884594	1.8055010602914767
1.7904034069475272	1.8292247303938671	1.839241006982396	1.8423922274146953	1.8430524352460755
1.853469944664163	1.894569037370176	1.902680196396356	1.9062082667778573	1.907629333807638
1.8253122249353813	1.8677016685083092	1.878180762272919	1.8802527190993064	1.8804092352926536
1.7577842115891191	1.8006555375594147	1.8169175094111143	1.8209798731565412	1.8214541049998167
1.760009135035645	1.788899970146671	1.7917466446166341	1.7919864776782646	1.7920213409222738
1.8312952363123132	1.869312685504823	1.8793022197096647	1.8813719271165688	1.881488788920438
1.7552396437286522	1.7897572036387979	1.7955381438082203	1.7970997421893782	1.7975685762889981
1.755239084154171	1.7954021945234286	1.8046193114187814	1.805916518300907	1.8064461484980932
1.768032272832297	1.8121884044606853	1.8206567138737548	1.8221444629483272	1.8228364552162326
1.6902532152303533	1.7215425255310233	1.730520763547397	1.7364737983588057	1.739794953405801
1.7795885892723975	1.8188756619770332	1.8321790903133923	1.8362271996535717	1.8369974952364987
1.7793628447220247	1.8213486527039109	1.8331863451198018	1.836602679005701	1.8374742664966834
1.8104710026236817	1.8456263035578626	1.8568964710062243	1.864805254711543	1.8688211949088458
1.6876071462326876	1.7357081740021894	1.7473846861012845	1.7503319109563555	1.7514378328372304
1.7852950467049187	1.8192132568006318	1.8254360647781034	1.8273911910926326	1.8275849837414035
1.7430141923446465	1.76651419208877	1.7719663426164254	1.7752532012745232	1.7777896823204704
1.7325055267450653	1.769258824370042	1.778872872697333	1.790942416637481	1.8020864372241674
1.7881653971152165	1.8301291876029788	1.8344718940263331	1.8350811020157887	1.8353275791246784
1.6782730381620226	1.7250472760724886	1.7331274625475155	1.7353834333145177	1.7362478333614078
1.7385816724985588	1.7752508648044298	1.7809221242178848	1.7818136745248623	1.7821755606531
1.740133894284152	1.7887896960721683	1.8006389386730888	1.8032927186050003	1.803775462437261
1.6604298323858069	1.709864587976612	1.7166170573997197	1.717438161047535	1.7186061434619757
1.8495428925702555	1.8978726521905858	1.9053292887204933	1.906534111799381	1.9067314368788713
1.7118810383678105	1.7494275481595165	1.7571032750031972	1.7622523508470247	1.765411973409419
1.7125203016953188	1.7527501684436537	1.7586372919677242	1.7604122375358906	1.7613096987591912
1.7189953837982723	1.7722341838595432	1.8026353500133514	1.8313935838185524	1.8492386728009425
1.7705580045054143	1.8065846737696958	1.813807966973743	1.8156083558286906	1.815914702972561
1.733919330376274	1.7741926082044273	1.780700305382245	1.7818444627362884	1.7818415466964923
1.6955557553908605	1.723252665717271	1.7257098891095797	1.7261622988356087	1.7263073189840399
1.7195312653003143	1.7851598284795591	1.8098003850435234	1.8181945327650035	1.8195844665674774
1.7303348566239984	1.774463168769502	1.7839668872327088	1.7884389055923475	1.789446747926096
1.7235676861888702	1.7611504116259729	1.7669429533697765	1.768878072055216	1.7693951003833421
1.6997132878229348	1.7488897067921858	1.7675599955660466	1.776197769220174	1.7789950505181957
1.746623948368767	1.7873301230697787	1.7933019006695827	1.7935667494646055	1.7936736521106353
1.768910823411108	1.806879493911144	1.815444118830899	1.8198960281656154	1.8220948191915298
1.7028590161388977	1.742571700825565	1.7497893508846618	1.7506438370705264	1.751760451424465
1.795350441145783	1.8466629461645676	1.8534780627291412	1.8545423297948205	1.8557479616160633
1.7801195581660396	1.8157471351523218	1.8189711704367326	1.819873486134128	1.8198714956717408
1.7017807695887215	1.7365007276559095	1.7413517052723664	1.7425897615039676	1.743580936571886
1.7979764848949167	1.8451404648949203	1.8531645099870133	1.8544529635595883	1.8549589342577169
1.7215677504783833	1.7634267066350853	1.7778205297138059	1.7931802488469153	1.8051531171773418
1.723542551764602	1.7575558216496754	1.7615000590094338	1.7617646086422656	1.7622422094021435
1.7819474424155068	1.8294657448091323	1.8556013420827984	1.8719001387670402	1.8783596056937681
1.7806005098789097	1.8208310476561995	1.8291752600539801	1.833120428424962	1.8357335694711558
1.765830405597382	1.82317014645112	1.8407960000840522	1.8462545344132857	1.8478524354622587
1.729805937496278	1.7704674411986803	1.779571607306773	1.7819248672984722	1.782413972346347
1.7562543192749067	1.80003579622298	1.8114042898849658	1.8144957848631211	1.8149963187471119
1.842410447748036	1.898001453621822	1.9070782990585384	1.9090557975235651	1.90964930306327
1.7853013262842372	1.8336610300397156	1.8480370897974212	1.8575418392624994	1.8640934533184255
1.6350324668686662	1.679252974209742	1.6920994576207804	1.6979149730272634	1.6990542320150512
1.6480254720396688	1.6928866574060635	1.711740355757785	1.7202294683502872	1.7222163874287775
1.7710444506712848	1.8070258737868277	1.8115268411882732	1.8130041154900156	1.8134895114052427
1.6919876006145504	1.7237904401376603	1.7329778232915323	1.7361555221662073	1.7368978639742372
1.740813396383989	1.7833618791849695	1.7906944969703316	1.7954943824928253	1.8002569440977014
1.7246785244800482	1.7723480614857345	1.7815823023777757	1.7830807736628915	1.7831504514350038
1.7902558982458165	1.832093089926433	1.847135044000319	1.8576171425876606	1.8668413338597107
1.7093697813011999	1.7520716438782296	1.7590652678097702	1.7619120762617044	1.762634052555271
1.7301622241492192	1.7584718681304623	1.7640766276044593	1.765819419053064	1.7662295677790751
1.7978998806606366	1.8491288249768654	1.8555104276581433	1.8560467065094701	1.8561080628252242
1.7315152278762256	1.7774591120231653	1.7860133211306706	1.788529445549261	1.7902173803484287
1.7731369856877182	1.8141374708676914	1.822387955697424	1.8266257315798102	1.830300684004091
1.7616968232171357	1.8076937189665088	1.8187260021635847	1.8205247506242959	1.821149841947259
1.7708920976776572	1.8077205198495265	1.8206211873070908	1.824301108105984	1.8249100753916225
1.7380601469153842	1.7971340907747582	1.8105850835350146	1.8124678428703909	1.812485050968825
1.8385672756870712	1.88236741037023	1.8906344513708362	1.8928777039372853	1.8936528319148758
1.7675218438014069	1.8069930439302513	1.82773468679313	1.8457573804297676	1.8548055889218131
1.7974816076864144	1.8352793734089925	1.8398117367310547	1.839992541760277	1.8400351865658355
1.8426022617059228	1.8781400698886797	1.8839131342883189	1.8861436448796858	1.8873325876388574
1.6940590516464076	1.7267639549128444	1.7348377942801423	1.7375537574367672	1.7382889358402305
1.7326938555386797	1.772153426206566	1.78418090127995	1.792095385094883	1.796807949463283
1.6860022324198942	1.727820601651335	1.7326346366803558	1.7335977425587081	1.7341467565641862
1.8456710148658284	1.8851894093562855	1.8905894525109928	1.8914426902542294	1.8917509769023029
1.7142654555398886	1.7503225788549872	1.7565967599881072	1.7579969394479127	1.7591470302576893
1.7372130149957477	1.7700120292268844	1.7775207095152132	1.781604163062357	1.783320804499223
1.7060967077990898	1.7358356666302033	1.7423712024695994	1.7438718261803368	1.7446574049273689
1.6448570010021997	1.6776716897847932	1.6822037750548136	1.6848077836488216	1.6861014445485207
1.7170501160335545	1.760152235210358	1.7706068799343406	1.772570312917358	1.773001472963381
1.690275359636901	1.7253391889033065	1.7295870394231907	1.7299463658873762	1.7300934175406317
1.6352718431744324	1.6607561580979717	1.6634945610056937	1.6639074345803908	1.66397519345396
1.7929045402499675	1.8287057122639687	1.83831097608851	1.843365419128501	1.846170320072208
1.7799231194625555	1.8112266059436744	1.817972750831846	1.8213866251970963	1.8226089087155102
1.7941145858334018	1.8359838025531503	1.8444954530694642	1.8479744639244657	1.8497482886253964
1.85238120706971	1.8885116941634459	1.8937475612412564	1.8943586366706584	1.8944032894514011
1.7222532740216117	1.7798345229242978	1.8075602282056613	1.8272756358574722	1.8371212318439547
1.8216985748257208	1.8840640544746217	1.8966166102165425	1.903351812805009	1.9052323782797427
1.816386847904367	1.8563716409087192	1.865788705810779	1.8709042415607962	1.8736173618045393
1.7819462120933676	1.8269839867612945	1.83105032223012	1.8323403933534532	1.8334048237044416
1.717921788245332	1.7622618638719634	1.7745703452720178	1.77837921161381	1.7791199430330455
1.8407190394238786	1.881419803103088	1.8870181582832433	1.88848504822827	1.8891431017146758
1.7429069811451403	1.7941153368474987	1.8208451771808176	1.8428096677699244	1.8589196557177572
1.7513939022169995	1.791264425865329	1.7966647374801972	1.79744925286769	1.7975712597476208
1.757439627889941	1.7863917261524414	1.7887786451588845	1.7889852627903853	1.7890609222485403
1.7160307628966145	1.764899332033493	1.79454527356954	1.8140646186746479	1.8226569623237086
1.7256197172673113	1.7660875188931302	1.778867479629333	1.783437132939172	1.7851262419962606
1.7790935219069706	1.8052766301541772	1.8074276495780233	1.8075229698370694	1.8076551645633685
1.6722062976765464	1.6960485576203732	1.6990106419539697	1.7000133993092905	1.7004399994139892
1.7830009180831308	1.8271035400416322	1.8387118022982738	1.84259994659032	1.8436136206436091
1.7535732768058976	1.7877011298779273	1.7942484393945572	1.796745573919233	1.7981590801444793
1.726553210929449	1.7837608702994172	1.8016035097191978	1.8085389675633416	1.8117910559160937
1.7398155203432821	1.7691218486260294	1.7733403768498446	1.7748967815146353	1.7758247797822158
1.6947696344444454	1.7463374258577165	1.7624144593407796	1.7683473132584306	1.768885022694271
1.6785663244812807	1.707902183463466	1.7137408882653091	1.7160468145875893	1.7169413613056472
1.747083394798192	1.7977793383156895	1.8182998221790225	1.8310308155210013	1.8368255908854194
1.8011664919397545	1.8332226759067467	1.8398451585445559	1.8416189868461255	1.8417722888398098
1.880938287640995	1.925751694547493	1.9336674017978384	1.9353314088149085	1.9356222333139539
1.7331039131181873	1.766279555343839	1.7720647604016684	1.7728510406983684	1.7729034479041612
1.784297031213782	1.8571238675868855	1.873652161749781	1.8770342351928357	1.8777961840616242
1.7911372805039036	1.8423906609792104	1.8529707607515162	1.8607705670966117	1.865521494516219
1.7342562168224158	1.7912155801738536	1.811946824475557	1.8203771717847022	1.8222795400310237
1.671761674390608	1.7182283942712946	1.7256616111848466	1.726988903940852	1.7273695903197546
1.7380984020491603	1.7771963419794932	1.784354708154109	1.7863718526100147	1.7869528066109897
1.8011144892468192	1.8434643782898634	1.8523561005672786	1.857630613061023	1.8624282656498272
1.6930478610812976	1.7459979542657804	1.7600046824197177	1.7677547963151605	1.7714042763032434
1.7821376802765259	1.8290747786526644	1.8428868934784808	1.8470186927012753	1.8490595243568888
1.8622417877240374	1.9030472684519975	1.911780702550666	1.914276957500606	1.916408425773743
1.7386561627383936	1.77735820935615	1.7884717700663488	1.7954877273337364	1.7985904960419774
1.7254967199277116	1.76119451039959	1.7717480597277981	1.7766239613866823	1.778374826369419
1.7002116011984143	1.753347478234091	1.776525577096812	1.7853149263669639	1.78703637140798
1.7377249153304606	1.7770603269779155	1.7853630058233296	1.7893607441187187	1.7908089567531236
