1.9727753779354655	2.0140919323762803	2.0184119417091546	2.018546598657578	2.018584729827881
1.8689052296412794	1.9135419814958283	1.9230823309789902	1.9251972169629936	1.9263308354504245
1.865715195379643	1.9162552788121567	1.929301110419631	1.9316759679445106	1.9318261720950811
1.7902134257843856	1.8261397230335001	1.8323446917884088	1.833083969385082	1.8331074070408775
1.8498859976149526	1.8937482770833152	1.8993181241287054	1.9004296436065367	1.9005423909237615
1.7661273205606234	1.8320206717865442	1.851419555174567	1.8612478319809451	1.8656037742414344
1.8553813802845736	1.8846612164222747	1.8879181366445525	1.8883035114895033	1.8885389753919037
1.8322354851256142	1.8572826628249681	1.8599620878978136	1.8611163758539924	1.8616558087767714
1.8629706747937584	1.9110721856127015	1.9187158158677287	1.919996393551435	1.9204790997833212
1.8346642029766453	1.8767577975306249	1.8856194818616523	1.8879584574834705	1.8884433319547322
1.8524577540130358	1.8915433009670226	1.896797751489597	1.899154855401871	1.8999353533900851
1.7876897074841236	1.824702265827283	1.8348955370006055	1.8397687955511801	1.8434086438834454
1.8971530808965937	1.9426989325446338	1.9603474965130032	1.9747053875769398	1.984040727274261
1.8128495486896916	1.858364860915341	1.8645314378447215	1.8653447327501753	1.8654691070842175
1.910385679554828	1.945493587374899	1.9509790144768993	1.9520577205080367	1.952296385537393
1.797615922354847	1.833105984991066	1.841564366527195	1.8462742362766322	1.8502327953735334
1.7821123433236863	1.8119317877612708	1.8160027637910903	1.8173315064334223	1.8178126132784107
1.7684899352335839	1.793395078105198	1.7951782289235552	1.796064490197521	1.7972345326408092
1.8646644094234581	1.8955311004976518	1.89970526498479	1.9022920773750245	1.9042073890007924
1.821103024403092	1.866288979246985	1.8824730745926077	1.8972556721406277	1.907043497544262
1.8925882796428928	1.9326931142608563	1.9403466946553156	1.9427565465087784	1.9430998960590362
1.8698640135327156	1.925171355320068	1.9387296019467661	1.9415129675138614	1.9431278340432616
1.7906801673390214	1.8355141498684038	1.844727936898	1.8465722752742106	1.846919527637042
1.861322321450738	1.9012641563945745	1.9064115603985359	1.9071268345377954	1.907341391699047
1.8069197453668	1.8402434248303834	1.8456080427358408	1.8462096262105376	1.8463859439828347
1.8731420919864874	1.9020132472928786	1.9104520745163545	1.917078755000808	1.922547602509839
1.852881525693946	1.8951797751776633	1.9091012145071267	1.9125229683719067	1.9131923716726256
1.8127903131935041	1.8699810601540081	1.8804339799966407	1.8825281752135061	1.882807390467245
1.802884689750194	1.851261258680243	1.8623019130661003	1.864909336104865	1.8654916444118543
1.791631929947018	1.8363788423149332	1.848550262848511	1.8505564682638813	1.8509975963438137
1.8722651579310425	1.9182884260065656	1.943975858121118	1.9634402280318763	1.9747461892745082
1.8375296658381401	1.8734915453085972	1.8833439693823775	1.8873649010421099	1.8889874065759062
1.8977625368218272	1.9420421586866807	1.9507316131497283	1.9528969428926852	1.9538500655634248
1.8228640262057125	1.8521465026890793	1.8560077782983917	1.856694035996851	1.856759423504173
1.7800553544750448	1.8230929698982077	1.8345885216020106	1.8368047593212755	1.8370263398634696
1.85798561520185	1.8918767672543446	1.903856334053218	1.9099163115418825	1.912458339913756
1.8632233685131554	1.9118291343716982	1.9235862745081893	1.9279434231556456	1.929115036842244
1.8353405919746324	1.8699807028486004	1.8725093553526406	1.8729356933335994	1.8730240037499575
1.8887020947287536	1.9306786071637294	1.9373288000585807	1.9387240585520826	1.939316832809895
1.7623254583568269	1.7945194063002732	1.799048456492624	1.801892594953606	1.804259841502705
1.8673818361514996	1.903441281254344	1.9108301332951807	1.9125421071274007	1.913181569844715
1.8670204577240603	1.903579084508415	1.9105809822922284	1.9131344830674069	1.914748858128384
1.8099445439079414	1.857773068244504	1.8663660551202195	1.867422238535867	1.8678738088137452
1.812130851962895	1.8600236509543306	1.8784437603298445	1.8847038756737489	1.8856993011743022
1.8443126563918497	1.8799986954323038	1.8835201770307637	1.883876232647763	1.8841145747955461
1.7635997128454675	1.8173366837127582	1.8302825277749797	1.8330625924113022	1.8334949877381166
1.8016057822614793	1.8452082348789578	1.8505297640651512	1.8518671833440983	1.85260865472917
1.8167925308857744	1.8578267950028224	1.8640290368360954	1.8651888208467102	1.8652901216850057
1.809294291416951	1.8500907180343253	1.8567916925538133	1.8583060656911896	1.8585792500889187
1.816721422053071	1.8581527493994574	1.868300821718722	1.87200210273316	1.8732424427292116
1.8477601208563141	1.8788096104712053	1.8837786128444147	1.8862283403035154	1.8873341066857605
1.793767811631624	1.838785687647568	1.8449849783192738	1.845370169392183	1.845404668665772
1.7964875397387794	1.8306467469517158	1.8381900441404826	1.8403701117418774	1.8406547818297576
1.854875257367457	1.9134130504405484	1.932353771723018	1.9422601804317396	1.9473186581375341
1.7961486840151768	1.8251528176996012	1.8294501383496082	1.8303265778090787	1.8304729751324644
1.7904462146778375	1.838005037847434	1.8475810476362347	1.8549981408860547	1.8612045669406827
1.7543408134200744	1.8029158177897122	1.8121461069923688	1.8133512076185303	1.8133989421212082
1.8538427462006588	1.8959834551376689	1.9067881047404585	1.9094197685535375	1.9098066735590498
1.9123974677456697	1.959826116758758	1.9662387647077868	1.9689001881971675	1.9699867539826352
1.8818706310411732	1.9326826974367166	1.9406596366030473	1.9429587825410888	1.9444106483050423
1.9066876461204698	1.9394054310028481	1.9466550147903818	1.9496326265553636	1.9531975039454486
1.8029489761431134	1.83126846540757	1.8406664154659933	1.848417393543958	1.8539445637831786
1.8369305171812094	1.8767001927538862	1.8830766664872003	1.884458731123649	1.8847131290691452
1.8381847429965206	1.8913763726506025	1.909992533478291	1.915715875075782	1.9168689488002666
1.8491493132718237	1.8978584796777385	1.9039360444467603	1.9046931413529264	1.9055786561358627
1.8170798935995334	1.856449393333156	1.8617898283053462	1.8624223341254191	1.8625022007453533
1.8558816398689302	1.8879682564217022	1.8932307051563908	1.8940808401894738	1.894279861607528
1.7907179569621074	1.8410576725679806	1.8541141789345834	1.8605823612605379	1.8634031635907757
1.8259467191197127	1.8681012001608504	1.8860036491314252	1.8942056053920386	1.8952526945481747
1.8469096967753702	1.8936917250169831	1.9022887014590004	1.9053084550868877	1.9062130639337205
1.825421778288252	1.8557777268287283	1.8600526210102681	1.86163159171452	1.8628946655216596
1.760540093468032	1.802083514593227	1.8090686208342828	1.8099649719953799	1.810435470209841
1.816973889078274	1.8529080959685038	1.856169804284947	1.856934949939129	1.8574922395001623
1.8407097297184192	1.8798762271255227	1.8902687626403996	1.895614368685041	1.8978850177446258
1.8584176476051688	1.8957356875401692	1.9029262744737212	1.9067863951818795	1.9086404080297457
1.785776665161243	1.8317118003871036	1.8426118655481765	1.8455852735749008	1.8471638480119055
1.8500952638600279	1.896845191762277	1.9079487483647601	1.9107037093415937	1.9114573246411093
1.8461365909445875	1.8943860800821362	1.9045468506815344	1.9154777076666987	1.924563701757882
1.8737272716144449	1.9138832802301515	1.9202346345210186	1.9226191588727284	1.923841689308463
1.833977313904337	1.8859547997744948	1.901655140905217	1.908316287669974	1.9103828457770353
1.8538320842330231	1.890192903199638	1.8963554984765019	1.8983025204149546	1.8988064588019244
1.849559080183605	1.8857797115873438	1.8933388755439413	1.8946798701410845	1.8950373450576676
1.8628964483702946	1.9115098827115373	1.9294652831972259	1.9361778439300865	1.9381823333164663
1.8348539144106986	1.8826761591301626	1.8960339348689086	1.8998174739893108	1.9016788198285606
1.8264625221647597	1.8735108228949144	1.8874839252723061	1.8932824904779613	1.8988049467387658
1.7984882102858368	1.8411612720243395	1.8557355057207336	1.8623142211968118	1.86578715872191
1.8140252228417493	1.850083001341766	1.8555706461541717	1.8571421310143874	1.8577899753382798
1.8102420963538932	1.8599115987776298	1.8707374752106736	1.8728819129527268	1.873183162019104
1.8409495950479366	1.8768457226300916	1.8863244916101416	1.8901966914889865	1.8908349247876752
1.8619859195904627	1.8999403654338847	1.915085695343785	1.9256893946344953	1.9337575583364668
1.8298218811240783	1.8667848051653684	1.881305588901877	1.8911529940405842	1.895191893471425
1.8595364826840013	1.899449068017907	1.9038033988514707	1.9085758233106325	1.9137895320400078
1.8202400895172994	1.8524425132245348	1.860650600074608	1.8653890835460272	1.8688836854533668
1.8083241355925472	1.8474132509645174	1.8558573203724764	1.8585529525275235	1.8589011700091602
1.8407302270329338	1.883162496977051	1.8939267668970627	1.8967062555847967	1.898069303976722
1.8400009684536864	1.8801507724902307	1.8854716026156206	1.8867931656908283	1.8870151214061088
1.837892958012638	1.8835289943655216	1.8887839462463563	1.889217127653598	1.8892697939598644
1.8354768176015823	1.8788730340719544	1.8842329020931146	1.8860478673961523	1.8865349471516741
1.8600400142717026	1.9177228302234668	1.9327224146996504	1.9365704814894258	1.9373678596996557
1.7243429216645103	1.7674160657114932	1.7787221977958396	1.7810543463506903	1.7814125842120796
1.7242397028228147	1.7822308726210185	1.801733344992621	1.8067552007292833	1.808205080898862
1.8855552437792302	1.9309212959384052	1.9467769042336598	1.958448786239723	1.9674076055832481
1.8974879308242645	1.9368416226895966	1.9472331706738704	1.9515587839245223	1.9542280531297431
1.850343516080954	1.8892454405758237	1.8928805901261172	1.8930864272749193	1.8930926140276083
1.8534850711278128	1.8891583081841317	1.896653966031637	1.8997451228940314	1.9002349338224491
1.8439889598819497	1.891876078574072	1.8960677008757842	1.8967740516806277	1.897363714282027
1.8521935707133197	1.8945616237564225	1.9030683931370451	1.9041532128856684	1.9042413752297445
1.8313254881997456	1.8797821866251738	1.8929463927153498	1.8966551451102758	1.89729453114478
1.7878500155628667	1.817472284005938	1.8248629289552198	1.8300134019850662	1.832616552291194
1.7996919596160408	1.8394642529025325	1.8450900735949216	1.8460005625328837	1.8469058810176868
1.8149854045541833	1.8601560865474087	1.8700721588915326	1.8741887284702734	1.8750346452014757
1.902953366740049	1.9412464373902656	1.9519034379719562	1.9572869908529584	1.9600815822128232
1.9290938979244867	1.976101426535402	1.983831901360653	1.986270381792095	1.986585812050831
1.8726409959008214	1.9071487755030807	1.9121826847749175	1.9131623344735444	1.913724244866728
1.876098802551375	1.9126984436654477	1.9170684940008786	1.91827891341939	1.9195815494115687
1.8922788738317218	1.9473055338258056	1.954969316799156	1.9560735297546687	1.9571377689845046
1.8748680598626164	1.9108217616859189	1.915308924996639	1.9158585260149412	1.9159896222300343
1.814820980637669	1.8510967302821628	1.8614087024683874	1.8663502937023055	1.8688202822681899
1.8669917243877343	1.9011263864377625	1.9119906043354757	1.918007308977935	1.921668374474055
1.8235142628766305	1.8564757727740864	1.8609778034373208	1.86211181604947	1.8624772238355551
1.8009708514584015	1.8417040204152488	1.8499281460833559	1.8512310244845875	1.8520313409344524
1.8827752208549244	1.91067792896966	1.9130016862038084	1.9139058211522477	1.914773141861226
1.8594764959096166	1.8984935937437217	1.9053873233606553	1.9094234772798722	1.9119344951948753
1.907774005938323	1.9417527328619337	1.9490575017152905	1.9546505791808748	1.9585000019720957
1.7212328370438241	1.7539350700172345	1.757789612787444	1.758173808549332	1.7584678577931767
1.8354734933541321	1.8864744243630955	1.8924966030123869	1.8931586196397268	1.893228117624972
1.8421768591611802	1.8796491844790613	1.8842646517985941	1.8852331126574178	1.885503935987223
1.8572192732188066	1.9059380142589888	1.9177981238667707	1.9202753046394927	1.9212793065598026
1.8376136390399151	1.875277141799679	1.8822162998487242	1.8831464440468055	1.88318185398082
1.8263935685543016	1.8653469795739561	1.8712716141505068	1.8720305463932074	1.8733180928906308
1.8030827768037618	1.8399616938228003	1.8492934254509827	1.8532285040273668	1.8544417962429123
1.7374235229861146	1.7756718672307643	1.780875571976623	1.7824557524910853	1.7829214756386433
1.8306167922468564	1.88592248719301	1.90277299853213	1.9068229634918945	1.9070406222524185
1.8170395618895858	1.8498668634719202	1.8540257630819679	1.8552458944302652	1.855958091068731
1.7968372755481383	1.8319311365560729	1.8356120630159365	1.8360722177621571	1.8361557988487562
1.8484416587695933	1.89575170524345	1.9029224715803679	1.9054313796810585	1.907446609495004
1.9042791277808955	1.946091713627038	1.9558791372409008	1.9613633798621286	1.9641492024622127
1.9013866647974926	1.9432144239188471	1.9498620871370642	1.9513009135443253	1.951444876781964
1.820642585389638	1.8470382996391297	1.8510082384461544	1.853904131282286	1.8571307752992494
1.8820772877564638	1.910535156267596	1.9133822987699123	1.9146986786012452	1.91554598286005
1.831060853746622	1.8621662912469477	1.868380175065369	1.8730787637211488	1.8764490213856417
1.851134211476888	1.8959616369978756	1.907399141353104	1.9106031961032692	1.9114976679953075
1.7403406459643587	1.7764888025122878	1.7850375148313204	1.7867134852861544	1.7871553982515764
1.8283291490073648	1.8609938723757051	1.865566604359171	1.8665404006529946	1.867688119861152
1.8389323909964659	1.8809668808073126	1.8898149873593524	1.8943173365166328	1.896792035862698
1.7695117461257808	1.8219478120670503	1.8383341325916764	1.8472855194242723	1.855490420957733
1.7902596914577755	1.8261123091679081	1.8329010386555398	1.8337054998084954	1.8338285898953954
1.80383254281114	1.83605959445725	1.8475462622953813	1.8538571074328327	1.8557108119294434
1.9509488576903076	1.9911679378358416	2.0002966371674806	2.0029349967162964	2.0044247519938936
1.8564065339667184	1.896480859424773	1.9024273042414857	1.904688217493345	1.9059025866460253
1.8746085070061766	1.9144524717246298	1.9211696547084953	1.9226905657650697	1.9233244360549817
1.8362755773295873	1.8675445974923157	1.8727986415621762	1.8744094396695026	1.8751331799505913
1.8124349100365436	1.8453597230917194	1.8490849039088524	1.8499055263214517	1.8501065991475951
1.8543012407982857	1.8898421605338391	1.8939773008046576	1.8963831443871813	1.8991788124135724
1.8407628830477425	1.881362965103002	1.8968665181575208	1.905890182934712	1.9095279204860371
1.8331439690343823	1.8680135101263788	1.8753854487516024	1.877931218562421	1.8795280209038276
1.9001573231197295	1.941149046272816	1.9530200095470942	1.9559708719802011	1.956436159711892
1.88761622037947	1.9337184097890523	1.9449970944243609	1.9478448075699462	1.9485298943373266
1.794015386492129	1.8333241131386246	1.8396903093477979	1.8408160560733116	1.8410783759143354
1.8221755493613419	1.8686665251578445	1.88406464614443	1.8938225202178838	1.8983694484115956
1.8468912336662946	1.9095580628986062	1.9372614114413924	1.9566453065971317	1.9683254789008768
1.916518085796778	1.9625507108493812	1.9776270988082643	1.9829666520581357	1.9843569471108067
1.8253465482544915	1.87425547487906	1.8879864443273549	1.8911400898186936	1.8915266406933662
1.8528352366394722	1.908097291613744	1.92161387198708	1.9234431963636396	1.9237269212637198
1.9247848714841425	1.974440585606935	1.9811460244559844	1.9836829363102617	1.9857383742089334
1.8894606400237899	1.937924506035015	1.9452463375005113	1.945818486852228	1.9458416576710984
1.871471136831406	1.924163590337606	1.9385684817051345	1.9470083171469035	1.9523369399307826
1.798285772260505	1.8394657891029724	1.8452283399078764	1.845854045917669	1.84593343308135
1.7085021174200667	1.747720676226245	1.7546888152102167	1.7567942971254562	1.7571606480619535
1.907539395684229	1.9626158727998684	1.9704222957187267	1.971745295991854	1.972256001661596
1.835305244855491	1.8872975317072356	1.901182761405593	1.9047090863160394	1.9064106169738646
1.8702783832005239	1.906511564025243	1.909417842366046	1.9098616071321994	1.9102430537613169
1.8537490171916087	1.905737325613227	1.9158073497107646	1.9172689429185743	1.917803283969186
1.8555727853330506	1.901950901297463	1.9102612166566248	1.913523183053683	1.9155431737194148
1.8826988003476108	1.9231769345025238	1.9310775801570397	1.9321235449964942	1.9321865422560704
1.95525377126497	1.9917078856515522	2.0002710628065747	2.0030419049937294	2.004150166000833
1.8070240742725325	1.844524624230859	1.85236421424876	1.8557793133687286	1.858043280691753
1.8117157893916986	1.853222576385261	1.8598954722471046	1.8606960408134896	1.861335050207835
1.758247281493697	1.7996900138321923	1.8094033932943419	1.8143630284073489	1.8174177825485354
1.8827206490002615	1.9239956714468514	1.9291754209070753	1.9309285337356878	1.9321104801350468
1.8430164924478363	1.8840092917156497	1.890974364398105	1.8945032610620869	1.89749010776042
1.8358867312054152	1.881618885754077	1.8939758152322483	1.898670884013323	1.8995539474059353
1.7888906987918909	1.839002179716492	1.8585415698963288	1.8680137198449094	1.8703844327993646
1.8183828220045086	1.866594615016528	1.8776032505854257	1.8800235523902975	1.8802425118618942
1.8393431700530334	1.8935097789151387	1.9086971505272463	1.9118311817697484	1.912634846603571
1.83311521077263	1.877937207226719	1.890019013485116	1.8972531047965355	1.900418381653121
1.755265257388711	1.8223140981720987	1.8347861065819495	1.8372289559237471	1.8374493931575602
1.8381495279754094	1.8745973803160634	1.8791280716635572	1.880085557321523	1.8810040130198544
1.8339853838316813	1.8779343100039683	1.8856761207505357	1.8871206304925372	1.8875742012803103
1.8171656883091643	1.8609600045867922	1.8719392950051263	1.8806376731250969	1.8854288476924719
1.8247774452102186	1.8626672226838772	1.8669558670426363	1.868745437043656	1.870359232340973
1.8104236415738255	1.8509610606357398	1.8623719045031915	1.8656703896177407	1.8666879380050494
1.782112515729852	1.8176928902517748	1.8228544905849156	1.8234823106214832	1.8236836389522046
1.836273155315896	1.8688340299054862	1.8726886575493635	1.8737629020300006	1.8753166573849052
1.8443022592187328	1.8951599027736719	1.9065311131482205	1.9123572418390247	1.91676229592353
1.8855350041912307	1.9244884603281598	1.9288924175287299	1.9294370594978536	1.9294776319508409
1.881197732271712	1.9407548047423135	1.9613457910311722	1.9666603352135705	1.9675749881602997
1.8181066537587505	1.855116172447413	1.8718120000245275	1.8825714253067107	1.8897443166470544
1.8651917070660073	1.9029525039042652	1.9076606588113283	1.9088639531264397	1.9091742754220014
1.7934853806862836	1.8449226174558955	1.8534806509873434	1.8559358195582702	1.8567816926079213
1.8292850017210742	1.8659847706346169	1.8725007187803548	1.8736903696039313	1.8743624732598636
1.7894083515522525	1.8353064834229598	1.840423229816863	1.8409797906802716	1.8412507887869785
1.8430145491805392	1.880956166459621	1.901466127284414	1.9166605174827371	1.9247448666666882
1.8652609399563786	1.9220500774344886	1.9342640984413644	1.9365975039244074	1.9367807591891228
1.8609828464729992	1.8896719960976862	1.8927006734042264	1.8935796154464597	1.8940398109759526
1.8223792251201112	1.8569163020377049	1.863100281020321	1.8658265368499702	1.8665374613514711
1.837483309767089	1.868396203383894	1.8705755249870655	1.8714812427798624	1.8719442862300832
1.8334140079767198	1.884379463845129	1.893995322939714	1.8952957185047041	1.8952727052455915
1.8411475205871652	1.8942328868538008	1.9103868238726642	1.9159627170999782	1.917404696355733
1.8771076299820533	1.9160072591589388	1.9269778963807664	1.930630364840381	1.9318264066878637
1.8609789524675233	1.8894723251291283	1.8936517261692962	1.8964100626262936	1.8979588627959558
1.7774937972126446	1.8168332406662193	1.8228507910883178	1.823464587873284	1.8235763445588606
1.805651371054701	1.8365778561275412	1.8420765633159053	1.8437181180359046	1.8442984145027619
1.8300541103297452	1.8620854856083868	1.8685237483880435	1.8693525610677333	1.8696037999657098
1.8334591758763168	1.868076382620776	1.875052621902852	1.876259027255333	1.8764899864244657
1.7485159794584206	1.7977396105885777	1.8129535573622941	1.8231226139815222	1.8292388094751397
1.8747821973144614	1.9147456613705212	1.918624733514647	1.9192619560580328	1.9194545101273295
1.8944935635985605	1.9491937175137657	1.9599287495092435	1.9617422040623977	1.9633692242671275
1.783630903753716	1.8197032709101462	1.8273113521505802	1.8282207672493833	1.8284843859888904
1.871293772234595	1.9023196423126087	1.9054395180639594	1.9061097524547206	1.9063695048506193
1.9125068364007087	1.9625946757729287	1.9821033470636373	1.9922020198949812	1.9958831181202277
1.78512860471595	1.8192113397041143	1.8260622832160613	1.829273257394165	1.8317454059135456
1.8263619296094833	1.8774447739465272	1.8896259911499715	1.8947571497443934	1.8981438245790878
1.8333079932821184	1.8767446742165645	1.8915331204088284	1.8989747369973835	1.9039264606844801
1.8713744827771832	1.9097339661640833	1.9190883473479878	1.9237518896206245	1.9257178353087026
1.8359537093623888	1.8715834119277193	1.878357555014671	1.8815031005177556	1.8833164109155083
1.810610450291038	1.8422193370059299	1.8476961811238715	1.8493998045879114	1.8498360199247499
1.76764401097333	1.8117034315858689	1.8240093529100354	1.8271895283746171	1.828178059079271
1.8086197659832592	1.8438927384138122	1.8487562119328727	1.8504293497225712	1.8516677376167208
1.8214502027905892	1.8610052256215763	1.8729987513629296	1.8779053432410884	1.8794129723663042
1.8561216639968772	1.8948923102476645	1.9044039572010119	1.9066910198066813	1.9069155983434283
1.8796471940068857	1.9164454762211711	1.9227821908633798	1.9249380314188285	1.9255230907115792
1.7955916980212472	1.8298342995843526	1.835891135553197	1.837821755502943	1.8388643478099678
1.815957243399647	1.8563682724651098	1.8681892240511142	1.8745158962060313	1.8766059719310786
1.8849003246764262	1.9254556969907124	1.9327315645147487	1.9339651436888081	1.9341453806115299
1.871148254275	1.9128996782934977	1.930693814261816	1.94171758325556	1.9481893724770674
1.893494789814758	1.9381950979964808	1.9432546935040567	1.9447846826371196	1.94586618954854
1.810264092654759	1.8650269880407457	1.8731134871437167	1.874009976447608	1.8743302235843766
1.7821061619861445	1.822307367586313	1.83535726662422	1.8457376489128556	1.8525871510391307
1.8657889795386193	1.905966538323343	1.9154139188554544	1.9196278727647367	1.9207847110309735
1.866477397463875	1.9146162647726346	1.9269023549117688	1.9295225266129243	1.9302647657952443
1.818725832604864	1.8618757040170255	1.869778412241746	1.8715734058685811	1.871878938494595
1.8889198870914634	1.930079349429621	1.936653364130707	1.9392946050032702	1.9418255750970281
1.8561350563854395	1.888870179691933	1.8963255436271442	1.8986413181578567	1.8991188897040803
1.8371241354515877	1.8768577859492073	1.8819118505508383	1.8834278176673633	1.883822128678689
1.8686372734291663	1.9219447331081896	1.9450214550182192	1.960722939906271	1.9681799933378437
1.8537640900204662	1.8916432004839194	1.9017446571365701	1.9062283249929692	1.9084687163626
1.746850361591211	1.793124939247173	1.8037961289448794	1.8059046113796364	1.8061874664951336
1.8534996722628216	1.9082945641508486	1.9254680149094923	1.9293094352704845	1.9299250392828398
1.8201576343043364	1.8663240326609385	1.8768145315338978	1.8796971586779554	1.8809499213956944
1.8199152543883148	1.8628967655167705	1.8810203131099719	1.8915966248650964	1.8978470117560247
1.909338637288707	1.9458652437873818	1.9502191884080755	1.9513485460007323	1.9517340001516357
1.7491647997599442	1.806452487351824	1.8161571794112639	1.8215761402954431	1.824536479318765
1.7483344077668994	1.7866155882173085	1.8003994356067272	1.8070234534145373	1.8090477189474954
1.8804672822930564	1.9221858485081569	1.9281313840172285	1.9292623118751666	1.9294195407425752
1.7593994799612076	1.7998237115964275	1.8099708892620288	1.8129363294969925	1.8137601611721297
1.8574140422214171	1.8974377895113084	1.903303354089301	1.9043539170135202	1.9046439551499994
1.7826214517801124	1.8283160170988062	1.8355324218686921	1.8361198737943438	1.8363645487479643
1.8164684181960873	1.8667459523882972	1.8751138604766793	1.8762868655899398	1.8770251433161993
1.8508083865303036	1.8878416462993202	1.8939206517910572	1.8949068579640107	1.8949600498811856
1.8616175583944268	1.9033662703467342	1.9109074813275297	1.9163750038026957	1.9221295510357546
1.8990565872972445	1.9381010768266635	1.946866610660108	1.9507876782196352	1.9534546451925634
1.785906345836365	1.832914523798603	1.8482350774065688	1.8542564615397132	1.8552561664361027
1.832120968709305	1.8605520194222176	1.8639052497356126	1.866063667552933	1.8687176574112618
1.847068674518696	1.8891314422553092	1.8993931653064882	1.904269224800498	1.905970360609252
1.8307272422627847	1.8693314727377992	1.8795190106474657	1.8833591215212067	1.8848616231671627
1.7928794403386155	1.8388081011472834	1.8500534222785665	1.8535257753957675	1.8546137038771375
1.811650326164324	1.8563643868088922	1.8654796133154778	1.8681564739900232	1.8688443790893332
1.8406317271662165	1.8748451329733533	1.8852700283331953	1.8883793777566207	1.889100588144686
1.7869619000270545	1.824472123054529	1.8297102130012166	1.8315876087630765	1.8328199154046625
1.8298062160948898	1.8788871385179469	1.8935904851082657	1.9006872143834874	1.906149606959151
1.8081043060689455	1.8501550931800643	1.864085244090287	1.872555133386719	1.8765972188977509
1.9303445516690612	1.9814375207385426	1.99840265332831	2.0051662200432547	2.007557971171935
1.8452798324115367	1.8994124281785867	1.9099581654365048	1.911405304247483	1.9119154991633691
1.7337644473453107	1.776437513940563	1.7838350334556843	1.7850315730355955	1.7851283236487643
1.9336179414735906	1.9665277484746087	1.9713598429793064	1.971986206533764	1.9724093656389257
1.850400582371039	1.880982565249154	1.8840055296699256	1.8855238117635997	1.887481425695268
1.8721903301595768	1.9165043035855893	1.9273512119467953	1.9309343718487146	1.93205995328058
1.8348823805445298	1.8889878280697103	1.9100957171497341	1.917024570063157	1.918269861304396
1.8730765958170346	1.912318969328526	1.924973752502488	1.9326435940719835	1.9392789154796097
1.8341419310701887	1.876442079080303	1.887112596628616	1.8907148376999168	1.8917676709448763
1.87541225766886	1.9202389767078027	1.9286464785597235	1.9293524174896453	1.9297293672122617
1.8563954789574706	1.9003577107585707	1.9071865057717372	1.9079855409196518	1.908194250436912
1.800367545851652	1.8407308900223593	1.8464929827354795	1.8469938299374928	1.8470660687447729
1.80894061881514	1.8630539978174825	1.8796736813964112	1.885168261934136	1.8861397420491315
1.8621482517959649	1.9053612273199723	1.914570291101062	1.9158930605496896	1.9160256568641632
1.7510001171876841	1.7818801443204966	1.7866730548831498	1.789450613506975	1.7924726740994423
1.8375779414187858	1.886293826567589	1.8961189030070775	1.8983176473947079	1.8986302550071137
1.891920929475939	1.9322044754207666	1.9408697690884444	1.9421520487911312	1.9424201909229268
1.7488029422148836	1.7817015426725769	1.7863960557558418	1.7873373501077632	1.7873998050951094
1.760644788928825	1.811463529841292	1.825869195135274	1.8301989916978163	1.831005255441041
1.8504793906191537	1.8934051865535257	1.9040100195811935	1.905665535427628	1.9062924646361152
1.8318998324474987	1.8731641107831236	1.8784409802297126	1.879717690554518	1.8797894886595248
1.8588226320027532	1.9055842669596013	1.9219286360474734	1.9334660610334027	1.9390137590198793
1.9289950527967945	1.976077813233102	1.9850273511294794	1.9871418484704357	1.9878335133136125
1.9048538534176014	1.9535164709514912	1.958416738332779	1.9594452806000127	1.9596906962262548
1.8101159132016758	1.8490136776834736	1.8531587233113358	1.8534077916545637	1.8536250235013711
1.876405992260128	1.9198400314712178	1.9314787971748557	1.9346871697335295	1.9357428531937453
1.8214312169539957	1.8703492831732087	1.8803108748411126	1.8814949695053338	1.8815430320845263
1.8380412377788926	1.8736942909937009	1.8781888472310075	1.87893358333872	1.87902736960125
1.7936465859466062	1.8457583354499758	1.870307887029137	1.8786021381662237	1.880441434958757
1.8224614453337304	1.8639765569528852	1.8743971530283507	1.8802082893227814	1.8828522680311028
1.8583723484911636	1.893901171265888	1.9005115902190948	1.9018582326347078	1.9023363206747264
1.776243521813616	1.8275421791222017	1.840735063089679	1.8451062986328015	1.846072821704045
1.8864684554958122	1.9270300704703078	1.933135841086053	1.9341005153484538	1.934210397699948
1.8388804219206334	1.8825887994340766	1.8885055184162296	1.8891948997292842	1.889232053140275
1.7741188285700424	1.8161087790925796	1.829383687491004	1.8343989833051928	1.8358337783193805
1.850210191966297	1.8750464106361475	1.8796182533700392	1.8812888788040383	1.881850948402591
1.8723926315027557	1.9050523712754777	1.9108345726200033	1.9125510832831092	1.9134924629830694
1.771247020564464	1.8115076591675934	1.8185640549127704	1.820916797282851	1.8215327000660444
1.8525381615711045	1.883707309443834	1.8891840661949915	1.8918363398197648	1.894325221217199
1.7657313898913525	1.7963863064500285	1.8031595708435046	1.8058246866019323	1.807587109039343
1.8662275515946805	1.9246945086460516	1.9369313619023112	1.9409257101329853	1.9425222265953996
1.8682085922405949	1.9107051168979288	1.9212915720508443	1.9278353409898377	1.9315992132626307
1.7773986131868984	1.8126392223902488	1.8206828208290686	1.8267651799844529	1.8316028559486555
1.8718698545185748	1.9355030327855984	1.9524529289399526	1.9553231427556093	1.955485336312584
1.8256913937992956	1.870981778889	1.8813894993790081	1.8845551485242558	1.8855244675495382
1.7812077242255249	1.81801270423074	1.8296469859900697	1.8328674185807816	1.833622465264302
1.8048252025183786	1.855449740332603	1.868310979106572	1.8705363600677891	1.8707838874014253
1.835811704116315	1.8684698417956416	1.8731008672295175	1.8743137542132264	1.874444091300416
1.8007519540003813	1.8398699650838113	1.8516137607258751	1.8555238176888322	1.856768888802757
1.720750783809396	1.7547553317008173	1.7620980317684671	1.7649919678053312	1.765704237702736
1.8007517753174727	1.8345113592568705	1.8405998581605973	1.8435723384147311	1.8449479912019473
1.8062819944416622	1.849662642234269	1.8584332246734445	1.8615064839805375	1.8626662642590197
1.8275677007665014	1.855608347595724	1.858883548393873	1.8600568531833714	1.8614715674391724
1.8819858880474345	1.9264879497382048	1.9324618522852428	1.933864674570699	1.9341806919114857
1.8200900123866806	1.8560543773540925	1.8627111986420923	1.8635417613963214	1.8638456986103324
1.8537665497192704	1.89668957052993	1.908724453852686	1.9137048733193394	1.9157902917433312
1.8103122969609686	1.864537232514557	1.8893030563101834	1.8983665944431285	1.899809824192555
1.8423880740360943	1.8810932986025024	1.8918499160774096	1.9000554050641127	1.905580654135067
1.7686237099456064	1.7918496614863098	1.79379755027722	1.794265182225434	1.7946713261897236
1.8624507308322935	1.8969856282354802	1.9032367453518084	1.9048339900991706	1.905423696916548
1.9196303067245732	1.9814875318142973	2.0050515692441127	2.0204294393919553	2.0289469640067965
1.8116229219578626	1.8592225494364922	1.8735685707594636	1.8819961381133536	1.8881328756560174
1.82003220818934	1.8571243792041983	1.871522681244426	1.8760670134931454	1.8766921541700659
1.9201567881399515	1.9579103719749433	1.960772381583985	1.9611537889165174	1.961220494348747
1.8660646604815843	1.9082958662112217	1.9138821784973268	1.914840888698884	1.9153143251302025
1.8257491134745247	1.8637332402915352	1.868620774604479	1.8704454928717626	1.8720086205572741
1.8053645791869024	1.841232814995564	1.849582883452857	1.853135863034	1.855070697114813
1.8534003802822185	1.9038592060466955	1.9175130404327865	1.9206740005506084	1.9211481501323455
1.7850150464592538	1.823469225035239	1.831028060379374	1.8329422883049264	1.8329872688961435
1.8541414056766548	1.8968492298389052	1.9110034248089005	1.918520010442082	1.92189812519342
1.805234329962421	1.8407506445672899	1.8456509662133842	1.846436619577912	1.8465546313890608
1.856834124254213	1.8970560477508052	1.9067345035954162	1.9113150832282646	1.9126172245498503
1.8049228309136738	1.8410269818604728	1.8460057822446725	1.8468900071539227	1.8473017229362707
1.8551479709694831	1.909309463126912	1.9317234518197215	1.9420776503002046	1.9470012291881034
1.7962701566557029	1.8423945690342705	1.8573373296458011	1.8629514152955524	1.8639157997445237
1.847625935625013	1.8869912509836027	1.8891793282549167	1.8894641461770516	1.8899028252398207
1.8647110523953785	1.8975418625490934	1.9029929301494963	1.9050351383304114	1.9058127916519503
1.8403228725869583	1.879492378659375	1.886755431638525	1.8912658563232514	1.8952009800743748
1.8441788111695745	1.8918109914688974	1.901346317365673	1.9034172353309826	1.9039483420760939
1.8194356621552168	1.8603374230022778	1.8691429799207184	1.8730938247020303	1.8751618230168117
1.8068449685407177	1.84433312429561	1.8500791102627432	1.8524152188602967	1.854491380524909
1.8125912229163703	1.8520842922692282	1.8626592116589926	1.8670340447447724	1.8688734204949153
1.8251298272076024	1.8696036094928357	1.8834350689196369	1.8922452345227037	1.8966699724063956
1.8765960536651476	1.9338627644837247	1.9402400226116676	1.9417072268533084	1.9426401049833713
1.776869417984298	1.815141133491342	1.8221468990151704	1.822959312794423	1.8231250181444352
1.789250764948623	1.8401793265130217	1.851098857063793	1.853051326605593	1.8534084086803833
1.7573366179188106	1.7831073056067663	1.7871700391106617	1.7877633177395098	1.787897373918749
1.848053635129624	1.8776371938165621	1.884358007858654	1.8874648109066359	1.8891765941036265
1.8014711448202996	1.8406731990324412	1.8457321547434398	1.846955288547091	1.847279720265969
1.753612832239611	1.7832131377548457	1.786114079582166	1.7864992037464522	1.7866371095213867
1.8631546064690012	1.9244792316193884	1.9448283982117438	1.9489661174907165	1.9495704827429556
1.8211575538018434	1.875528175846892	1.8881485024958011	1.8909611711510763	1.891808708364601
1.9134446600094401	1.9577016881490126	1.9662777266405995	1.9682508891757398	1.9687149171146894
1.848003705611514	1.8912748241116288	1.8986142284701597	1.8998900180448128	1.9003486339822597
1.9169510418585856	1.9722975431753444	1.9888878073097853	2.0043033894961026	2.0147141468971537
1.9053534375703833	1.9426650000040706	1.9500148175491228	1.951390114442743	1.9516192246262163
1.7957739546567755	1.8357543262562797	1.845901602496174	1.8510606128001201	1.853060245867418
1.8782050887989856	1.927523020915297	1.939936872599876	1.9430549697783523	1.943607847538035
1.9032929162668297	1.936883327434603	1.9418338089146336	1.9470367115034082	1.951301444050543
1.802778207179646	1.8466319724015985	1.8546961078704782	1.8565840795315094	1.856983023226304
1.8350246559521224	1.8748090496554277	1.884743728023727	1.8882559362214502	1.8894904827093602
1.8185510278719017	1.8662625700681228	1.8735587952408554	1.875556781672205	1.8770561218688826
1.90854118707157	1.946690440319256	1.9548088921376559	1.962077348039986	1.9658229644677467
1.7806828312096574	1.8293930279782793	1.8379808277859984	1.8385710005727534	1.8387579426570346
1.8332173485038452	1.8866675689624564	1.8988106601873482	1.903597880495105	1.905142306577835
1.8271950703459783	1.8731861671432768	1.8810314408285205	1.8825172653254678	1.8831190723675713
1.9129779064095798	1.9528502843412996	1.9592996058370977	1.9607066736780443	1.9617176861052277
1.8648759732498437	1.9018616434218854	1.905140327467576	1.9060437412636635	1.9085709992726738
1.8259534497928485	1.8666693233983063	1.876404952637242	1.8817697994862215	1.8857550784614607
1.8743821622256487	1.9131871755631087	1.9230290734297086	1.9261318566316352	1.9267892352699292
1.9395412045565188	1.9801675338529534	1.988207492703017	1.991724698691806	1.9931423398114585
1.9004009454598072	1.942374043352321	1.9526361163398556	1.9546949291004903	1.954864435007814
1.842592472103321	1.884411596587439	1.8999633861774616	1.9038766195669092	1.904339537392935
1.8399267051409705	1.8690322023629784	1.8718727447614167	1.8721114660568636	1.8721491119526028
1.9218342137683861	1.9588424328446072	1.968448361038752	1.9704846297796719	1.9705966623326443
1.8403022068634498	1.8753917072945956	1.8815706534326844	1.883376634992848	1.8839801484797118
1.8397031818609046	1.8796032961163944	1.8887810680096553	1.890081742519943	1.8905880680853087
1.8505983151711511	1.8935455555680951	1.9018314799788614	1.9032304337823587	1.9038295700899541
1.7680764159524953	1.8001694203732395	1.809282398455668	1.815336638722378	1.8187554637695913
1.8630729352507234	1.9011783189676734	1.9140366614845987	1.9180287567317593	1.918805703085363
1.8608458889884674	1.9022396929582568	1.9138996242524546	1.9174742379385514	1.9184437968842885
1.8899060730793695	1.9240205955326595	1.9348176346352537	1.9425573717105786	1.9466490911845264
1.7725123497428787	1.8201023549565574	1.8317786259461584	1.8348309219538557	1.8359896150404382
1.8671602772245448	1.9007678723012065	1.9067953667111206	1.9086688944777201	1.9088569297678544
1.8300731123840694	1.8535545474843358	1.859028630124159	1.8624307762139714	1.8650855018031525
1.8167516959759538	1.8535231783345754	1.8624467009515187	1.8734972580739742	1.8840110137830859
1.8662057460627635	1.9074359015954252	1.9116693756816128	1.9122997513612303	1.91256439135551
1.7595705167763898	1.8059581720239806	1.814096879472083	1.8163248633601945	1.8171595545576176
1.8226019695062718	1.8587973873596961	1.8645361069062774	1.865487808134556	1.8658729242341656
1.8209373788462373	1.8696355429882754	1.8813874365937697	1.8840387808950747	1.8844857998958922
1.746600859085238	1.7961321139429545	1.8028857773858218	1.80368032457519	1.8047227953047336
1.9317114194211107	1.9793697272496962	1.9868761938382165	1.988150966267048	1.9883781379126981
1.794808539312057	1.8318890712107332	1.8395743976847518	1.8446228337454607	1.847653846611128
1.7857354362616722	1.8259509495183581	1.831792700559418	1.8336067144368213	1.8345103152891011
1.799162719387596	1.8513050012582377	1.879944900089044	1.9067716517447422	1.9236719791882921
1.8576066048868194	1.8940425893072166	1.9016027378101337	1.9036265264701615	1.9040318712468853
1.818781114139704	1.8602606330021176	1.8670360477189087	1.8683625237571857	1.868380701743954
1.7866739509999376	1.8150766342523648	1.8176717143427572	1.8181302569170734	1.8182786406765785
1.7978493753362856	1.8625000915016714	1.8870040560386698	1.8956014434558373	1.8970707481152074
1.8100976515267762	1.8541469324780688	1.8633836424076375	1.867777397395177	1.8687890701108048
1.8085609168009087	1.8463969880088753	1.8519214699106592	1.8537347198312557	1.854228924953559
1.7830962125159682	1.8318028748697486	1.8502377511800852	1.85909682198522	1.862104035558726
1.8275070702582832	1.8683096294301729	1.8743821483958027	1.8746432602440826	1.874736622096449
1.8455541890655216	1.8834905095804366	1.8919710402064764	1.8962336970089222	1.8982809648288341
1.7861682807312451	1.8254248944650755	1.8325891118900761	1.8335155660607585	1.834724095083543
1.8718678430073272	1.9235259222854773	1.9304317500187553	1.9314206384907957	1.9324895333816192
1.858565681771508	1.894623217058128	1.8980227603758635	1.899016817945116	1.8990208920403564
1.777890845068877	1.8131144860927828	1.8183141718842177	1.819733335672361	1.8208184567903405
1.8697947818238674	1.916297512766815	1.9243360313773958	1.9256725711819371	1.9261975175629926
1.7913709388279435	1.8330870893300977	1.847162152326171	1.8621768694516427	1.8741614067560275
1.8028358329189988	1.8368486723218722	1.8409312481454159	1.8412524599643771	1.841789597315813
1.8678596299807637	1.914638806371691	1.9398969852102352	1.9557793935921655	1.962070417831221
1.869016418352878	1.908632150155176	1.916900176028697	1.9207774291700814	1.9233258782981286
1.8473210591820728	1.904810448722097	1.9227929871242364	1.9285787077672418	1.9303366413165866
1.8203184715108736	1.8612934038818862	1.8704895499302359	1.8729135092491327	1.8734094439454143
1.843941924357554	1.8872348081217678	1.8984305796605847	1.9015273531515577	1.902046697748592
1.9189906394186245	1.9752845297826858	1.9845231292189582	1.9866190439485933	1.9872842225284686
1.8659045172415991	1.9133995085925515	1.9271131783435833	1.9362133681592408	1.9425396391768819
1.7292612593277117	1.7727290832725222	1.7851113672250047	1.7909402742264044	1.7921466920311715
1.7295307992489681	1.7743995313482606	1.7933333607966422	1.8020302206929895	1.8040938639557396
1.856138577500143	1.8913700821315786	1.8955694385065989	1.8969352823006589	1.8974138228899504
1.7812658921238063	1.8142649432012725	1.824148066291894	1.827764709832983	1.8287454077394445
1.8194500525048798	1.8623275195480344	1.8697442504292725	1.874423218605034	1.8791665149410268
1.7995403741569695	1.8478303755790446	1.8574684918098834	1.858992269600788	1.8590437458437072
1.870789745164333	1.9121619005326966	1.9269562931376192	1.9372702580673598	1.9465212307751598
1.7885727739443256	1.8313822233719907	1.838608212498937	1.8417643510856052	1.8426484270444208
1.8236432064729957	1.8518068586938874	1.8572622373240348	1.8589649027797777	1.859396479270521
1.8772719781592309	1.927733300941213	1.933986140781036	1.9345094609372808	1.934566812580047
1.806515827784246	1.8514393877562012	1.8599908175701039	1.8626915273174387	1.8645638372604814
1.8568626894727545	1.8977451330597837	1.9059983005010293	1.9102974160312405	1.91410261908689
1.8404758184421244	1.8860841633449004	1.8971697330600363	1.8988688326922776	1.8993298829791125
1.8486291094924416	1.8857735494971697	1.8984312070226004	1.9020885875090872	1.9027446744678311
1.8120511293114239	1.8704410322702398	1.883756977024547	1.885674921376518	1.8856944076347106
1.9147430466637105	1.9584112239982991	1.9667423809323157	1.96905131937032	1.9698611478746573
1.849696920041217	1.8892726887688722	1.9099833347593569	1.9284326421754305	1.9378838289736857
1.8820852552969285	1.9196604107176751	1.9242248770773285	1.9244182878197102	1.9244667658857686
1.9236885395676047	1.9593387207757287	1.9650917369595262	1.9672791302727375	1.9684771482384436
1.7723774261759915	1.805511400897102	1.8136636151664887	1.8164816079915334	1.8172709785678587
1.8111603675365007	1.8504640254534237	1.8623511218990325	1.8699822356567535	1.874632626695077
1.772996513925242	1.814778320830266	1.8195204662475917	1.8202921606387816	1.8207235480690338
1.9296572387868633	1.9694031357341237	1.9749434046766048	1.9758630112524171	1.9761608936472166
1.7968096974682581	1.8327005766759088	1.8391091175055767	1.8407203826788436	1.8420458025298287
1.8284154207053218	1.860604965036198	1.8681352967571596	1.8724696452494667	1.8744169686098986
1.788730463990211	1.818652960610133	1.825168301464679	1.8266120278197704	1.8273633461008474
1.730800542697387	1.7637439523716607	1.7681234327956548	1.7705348299832693	1.7717340074445884
1.7982643492288666	1.8418828546284132	1.852626151775397	1.8546283414781757	1.8550492961104805
1.7730080439964981	1.8079334452204714	1.8121183542150103	1.812485532470274	1.812640712248335
1.7203784048610826	1.7458697204423863	1.7486883925286996	1.749131186852421	1.7491873564597828
1.8700796420260344	1.9056142959281976	1.9149590571947495	1.919476496055385	1.921882846139221
1.863928822499918	1.895640221818227	1.9024642712519777	1.90588225661413	1.9070951002669025
1.8851733556363468	1.9274695351076747	1.9359521263031048	1.9393836935437283	1.9411700228510103
1.9309793428684605	1.9678607975960485	1.973319171512318	1.9739862466917757	1.9740405295417212
1.8051933651836138	1.8619484796624446	1.889099935228064	1.9084772322351313	1.9181480486270113
1.8990578203831583	1.9609608625463768	1.9732460231490787	1.9798522459382137	1.9817073792677227
1.8981585777596441	1.9372020919540855	1.946511977691712	1.9516264122625686	1.9543672809657766
1.8608513871375707	1.9061412824471948	1.9101732979005746	1.911310953279047	1.912196309222607
1.7977048964442428	1.8420205746881042	1.8541354510869739	1.857885140728645	1.8585865704143465
1.919539222728271	1.9595426817444743	1.9650649710097021	1.9664843238841812	1.9670846454567978
1.8164716782522254	1.8665857621731083	1.892361606366172	1.9135079498446566	1.9292096415841535
1.8330009842840678	1.8726125399315128	1.8779381205852368	1.87871965399119	1.8788433457958365
1.841736807795142	1.8713876967782619	1.8739184187732092	1.8741581174513453	1.8742131445677257
1.7981233095252367	1.8469629989192244	1.8767088223410118	1.8964030840187933	1.905117471110618
1.810549644464853	1.850629261690155	1.8628795577217687	1.8671559260827846	1.8686863079193687
1.8564809190949272	1.8825713772885855	1.8847342459491843	1.884825006868468	1.8849553929944096
1.759926477627001	1.7839897827568125	1.7868436771369283	1.7878220092580417	1.7882519063276954
1.8612117102647494	1.90491752255136	1.9161924065460734	1.9199613094598815	1.9209452345300897
1.8344285950909658	1.868665927417311	1.875110016106299	1.877570621467152	1.8790360004844828
1.805143524663346	1.8613861666251352	1.8786636664842797	1.8851177742894776	1.8880922778863454
1.8186070213927068	1.8477465129203758	1.8517844492168882	1.85312883946413	1.8538981842711566
1.7773461951535836	1.8290941553764009	1.8452204619841033	1.8512702618639516	1.851832371136176
1.7617935140062468	1.7913039335254346	1.7972588369680027	1.799573409578234	1.8004299079483366
1.8330860539379452	1.8836943393997103	1.9037100707014258	1.9161334038603306	1.9218255553616608
1.886485804201583	1.9185060126297229	1.9249363262329946	1.926621291624597	1.9267613326374293
1.9625888241031075	2.006869831162831	2.0146587612949673	2.016333779637152	2.0165910550901875
1.8121028514031832	1.8450581639059394	1.8508926451589813	1.8517546386166261	1.8518181797775208
1.8617569069590791	1.9335366304100852	1.9497026345805224	1.9530797572985634	1.953854928258948
1.8665210893412862	1.9173857152452376	1.927874212559893	1.9356305230631896	1.940440428298319
1.8181627956405813	1.8742205118154902	1.8943851265109026	1.9026841695869166	1.9046415807785684
1.7520156326407794	1.7979335269969898	1.8053521769024905	1.8066749769156565	1.8070374417271309
1.8221968845806857	1.8613755753431143	1.8685661749332954	1.870672181568169	1.8713072514975335
1.8705439309038328	1.9125517834304115	1.9212252676819848	1.926235921033379	1.9307344572892993
1.7734041229800388	1.8267612088238303	1.8414290128650606	1.8499198379969748	1.853990016477893
1.8625918702205326	1.9087923798472533	1.9223467156024268	1.9263920059542796	1.9283549316245714
1.9419726914866162	1.9824466657213715	1.9910985400591046	1.9933493440358199	1.9951708224169222
1.8219272632533758	1.8605410380346292	1.8713881086358748	1.878147211185449	1.8811893543895228
1.8120959163604824	1.847715031614703	1.857924589296449	1.8625845350378083	1.8642250431827352
1.7821557168225233	1.83523406769315	1.8584516161658327	1.8673563133976638	1.8690998502648761
1.8188706527403173	1.8580290904197	1.8663040137729485	1.8702780955911993	1.8717315661660643
