0 0
1 0
1 1
0 1
0.1 0
0.2 0
0.3 0
0.4 0
0.5 0
0.6 0
0.7 0
0.8 0
0.9 0
1 0.1
1 0.2
1 0.3
1 0.4
1 0.5
1 0.6
1 0.7
1 0.8
1 0.9
0.9 1
0.8 1
0.7 1
0.6 1
0.5 1
0.4 1
0.3 1
0.2 1
0.1 1
0 0.9
0 0.8
0 0.7
0 0.6
0 0.5
0 0.4
0 0.3
0 0.2
0 0.1
0.47944 0.51308
0.048138 0.043886
0.95637 0.048073
0.043896 0.95185
0.95199 0.95646
0.75464 0.35636
0.36108 0.26523
0.26853 0.63618
0.65658 0.72806
0.08995 0.16087
0.16098 0.90994
0.9114 0.8441
0.8412 0.090547
0.4524 0.76874
0.55788 0.23759
0.23031 0.45317
0.68696 0.53472
0.81458 0.68829
0.2594 0.15837
0.85211 0.25937
0.15931 0.74009
0.74561 0.84137
0.73412 0.093154
0.26748 0.90917
0.090604 0.26745
0.8457 0.48995
0.34072 0.50437
0.48277 0.33615
0.53295 0.64995
0.6098 0.85642
0.39089 0.13577
0.13832 0.60834
0.71104 0.23258
0.3123 0.77765
0.22145 0.31106
0.54263 0.075853
0.44323 0.91129
0.087701 0.44378
0.71889 0.6637
0.911 0.64384
0.91023 0.74525
0.17607 0.10469
0.82584 0.89807
0.10496 0.82377
0.89913 0.17466
0.60492 0.42346
0.39726 0.62369
0.37166 0.38816
0.82419 0.58519
0.82491 0.37461
0.52509 0.74125
0.45971 0.25973
0.26206 0.53595
0.60679 0.57099
0.66283 0.13599
0.14221 0.35404
0.35397 0.85715
0.82436 0.79523
0.18133 0.21836
0.2189 0.81827
0.78841 0.18431
0.92001 0.44979
0.44524 0.073304
0.55225 0.92143
0.076699 0.55243
0.646 0.92895
0.069377 0.64519
0.35417 0.068134
0.33543 0.18743
0.26833 0.07584
0.9304 0.25603
0.1894 0.66349
0.076406 0.73138
0.73308 0.92342
0.67089 0.80528
0.92549 0.092394
0.075709 0.90733
0.90795 0.9258
0.092634 0.075653
0.56789 0.33361
0.69979 0.44329
0.91686 0.54465
0.73848 0.75379
0.38948 0.70981
0.2882 0.38532
0.6299 0.65439
0.90068 0.34718
0.41129 0.45677
0.46557 0.59262
0.51504 0.83047
0.1662 0.51681
0.48431 0.16116
0.76492 0.51182
0.77275 0.27479
0.24254 0.7232
0.27571 0.24089
0.46984 0.7058
0.33514 0.58326
0.40934 0.32796
0.50615 0.42067
0.29201 0.46373
0.55979 0.49762
0.40606 0.2015
0.20443 0.5925
0.59404 0.77908
0.70834 0.16841
0.28771 0.84106
0.64519 0.19884
0.1585 0.28739
0.063904 0.35292
0.638 0.075053
0.35274 0.93577
0.42999 0.83201
0.16672 0.43076
0.77473 0.63118
0.32138 0.12484
0.12618 0.67802
0.68106 0.87134
0.85658 0.41828
0.14211 0.045005
0.95616 0.14168
0.85845 0.956
0.045068 0.85785
0.51711 0.29131
0.79119 0.4319
0.64243 0.27517
0.66321 0.35437
0.67678 0.60225
0.30997 0.70022
0.29797 0.30707
0.63179 0.4937
0.40476 0.54585
0.43624 0.38573
0.74114 0.58795
0.20932 0.38665
0.38717 0.78969
0.82108 0.32191
0.33963 0.65119
0.45076 0.6568
0.34054 0.43965
0.34536 0.33448
0.58846 0.14696
0.5876 0.71084
0.52893 0.56489
0.70889 0.29796
